/*--------------------------------*- C++ -*----------------------------------*\
| =========                 |                                                 |
| \\      /  F ield         | OpenFOAM: The Open Source CFD Toolbox           |
|  \\    /   O peration     | Version:  v1912                                 |
|   \\  /    A nd           | Website:  www.openfoam.com                      |
|    \\/     M anipulation  |                                                 |
\*---------------------------------------------------------------------------*/
FoamFile
{
    version     2.0;
    format      ascii;
    class       cellSet;
    location    "constant/polyMesh/sets";
    object      twoInternalFacesCells;
}
// * * * * * * * * * * * * * * * * * * * * * * * * * * * * * * * * * * * * * //


273
(
25
28
34
61476
36
45
61488
66
76
83
91
61532
96
102
28781
28785
61554
61563
61567
28812
61581
28813
28823
28824
28829
28835
28837
61637
147731
147739
16667
49449
147754
147756
49452
49462
147767
49471
147777
147781
147782
147783
147788
49492
49504
49508
49527
147854
49577
49589
61927
156153
156161
156169
156176
156181
156215
156280
156284
156287
156289
156300
156316
156317
156318
156325
156329
156334
156335
156340
156342
156362
156366
49874
49875
193240
193247
49901
49903
49925
193429
62432
193506
62438
62451
29693
29697
193539
29712
62488
62494
62501
29733
173094
173099
29739
29750
173112
173129
226391
29791
29795
29796
25819
29955
29958
29961
25880
25884
25896
25899
25902
173362
173363
25908
173369
25920
173378
25925
173385
25949
25965
173423
25977
173435
173437
25986
25988
25990
173456
173459
26003
173463
173465
173466
173471
173475
173476
173480
173484
173488
107970
21956
107977
107985
108010
108033
108084
1654
1668
1670
1671
1676
1677
1680
108236
178098
178105
178109
178110
219147
178244
178259
174184
174192
174201
2235
2244
2245
2300
2303
178438
2310
2311
2316
2318
108819
109027
2623
2729
178861
178862
2737
2741
2753
2765
2773
2780
2781
2789
178929
2802
2803
178934
2807
178936
2817
178947
2820
178956
178968
179014
179034
179039
179046
179050
179057
179060
179074
179080
220046
179094
179096
68526
52151
3021
220112
52256
80950
52283
179586
134533
179593
60816
179609
60832
179628
134577
134585
134608
134634
134637
134641
134644
134648
134663
134666
134670
134686
81476
134736
134737
134749
134750
134756
134779
134780
134781
134923
28436
28442
28445
28452
134960
28464
28467
28493
16214
16216
28509
16221
16222
16223
28518
16230
28519
16235
28538
28544
28546
28551
28552
28554
)


// ************************************************************************* //
