/*--------------------------------*- C++ -*----------------------------------*\
| =========                 |                                                 |
| \\      /  F ield         | OpenFOAM: The Open Source CFD Toolbox           |
|  \\    /   O peration     | Version:  v1912                                 |
|   \\  /    A nd           | Website:  www.openfoam.com                      |
|    \\/     M anipulation  |                                                 |
\*---------------------------------------------------------------------------*/
FoamFile
{
    version     2.0;
    format      ascii;
    class       cellSet;
    location    "constant/polyMesh/sets";
    object      twoInternalFacesCells;
}
// * * * * * * * * * * * * * * * * * * * * * * * * * * * * * * * * * * * * * //


409
(
102400
32769
16385
4099
32774
102407
32775
4103
16392
4105
102412
4110
32792
16420
32806
16424
32809
16425
16427
32812
16428
32818
16439
127042
32834
127048
127050
102477
32856
94
32863
118880
102497
32865
32870
32871
32873
32882
118903
32887
32889
118909
32893
133
118923
32907
32910
142
144
118933
149
160
162
166
167
170
171
41133
102601
102603
172303
172341
102738
102739
102746
102747
102750
102753
102755
151915
151936
102786
151972
33190
33199
33205
33206
33209
33213
33220
33226
33231
4854
213776
213788
213791
213800
127786
213807
213809
213811
821
828
127806
833
127810
172882
880
152438
172997
173012
173016
62471
103447
103465
103466
103480
62542
103504
62564
62582
62589
62592
21649
21667
21678
21679
21681
21683
21688
21690
1255
1286
1288
1299
1304
1318
1319
1324
1334
173372
1341
42304
1348
1349
1351
42320
1360
42322
1366
42328
42329
214371
1379
1382
214378
42349
1389
1396
42358
214393
214397
214400
1412
214405
214410
214412
214419
62870
214423
173468
120251
62912
62919
62923
62928
62939
62947
149011
136725
149030
149034
136773
136776
136779
214610
214617
214618
181880
181895
181949
182089
124890
202826
202828
202835
202837
202838
202839
202840
202848
202875
202884
202888
202892
63631
182416
182427
202911
202913
202916
202918
202921
202925
202929
202930
133298
202934
133302
133303
202941
133333
133336
133340
182493
133342
133345
63718
133352
133356
133362
133375
133379
133392
133404
133419
133421
133422
133424
133425
182735
63957
63977
63992
64010
133673
117303
133702
117330
117337
133722
133724
133735
117353
133742
117360
64114
64122
64128
133763
133771
182927
133793
133796
101031
182955
133816
133822
133827
183086
183199
183228
203814
203823
203824
203826
203866
203867
203872
203875
203879
203881
40085
183475
40130
40159
40163
40167
40169
40174
40185
40186
40197
40201
40205
40216
40225
40237
40238
40240
32078
32092
40287
40289
32098
32109
32119
40315
32123
32128
32129
32144
32145
32148
40343
40353
40357
40370
40377
204221
40381
204224
204226
150980
40391
40393
40396
204242
204245
40405
204247
40416
151009
40420
40421
204265
40425
151019
204269
40429
40431
204274
40434
40435
204277
40438
40442
204284
204285
40445
204296
151077
40488
40506
151107
151111
40520
40521
40525
118350
151130
151158
69356
134896
134910
134912
134914
134916
134917
134922
134946
134966
134967
134975
134981
134990
135002
135004
20318
102253
20333
102257
102264
20349
102279
20359
20362
20363
20367
102289
102293
20374
20377
102299
20381
102319
102320
102327
102329
102335
16322
102350
102352
16338
102355
102361
126938
16346
126940
102364
126941
102365
102367
102369
126953
126958
102388
126967
102393
)


// ************************************************************************* //
