/*--------------------------------*- C++ -*----------------------------------*\
| =========                 |                                                 |
| \\      /  F ield         | OpenFOAM: The Open Source CFD Toolbox           |
|  \\    /   O peration     | Version:  v1912                                 |
|   \\  /    A nd           | Website:  www.openfoam.com                      |
|    \\/     M anipulation  |                                                 |
\*---------------------------------------------------------------------------*/
FoamFile
{
    version     2.0;
    format      ascii;
    class       cellSet;
    location    "constant/polyMesh/sets";
    object      twoInternalFacesCells;
}
// * * * * * * * * * * * * * * * * * * * * * * * * * * * * * * * * * * * * * //


303
(
102402
102405
102406
233481
102409
233491
233497
233500
233540
233543
233547
233550
233716
233723
233726
233736
233739
233742
300
233773
233776
233777
233780
344
358
368
374
377
78222
78228
417
78242
420
424
427
78252
78258
78261
78301
78304
213474
78308
78311
213481
213484
213494
213497
213500
213531
213534
213535
213538
148237
148247
148254
148261
115494
115500
115513
115516
115517
148290
148293
148297
115530
115542
115545
115576
115579
193804
193810
193823
116000
193826
193827
116005
193840
116019
193852
116029
193855
116035
116038
157002
193886
193889
91492
116078
91503
116081
116085
116088
1417
1483
1497
1507
1513
1516
91631
91638
91644
91647
1556
1559
1563
1566
157217
91687
91690
91694
157231
91697
157241
157247
157250
157290
157293
157297
157300
116640
75773
75780
116741
75783
116744
75793
116754
75796
116757
75799
116760
75830
116791
75833
116794
75834
116795
75837
116798
223523
223529
223543
223553
223559
223562
223602
223605
223609
223612
39398
39407
154107
154117
39430
39437
154131
39443
39446
39486
39489
39493
39496
244551
244557
244571
244581
244587
244590
23413
244630
244633
244637
244640
179178
7180
23567
23581
7201
7206
23591
7209
23597
60463
23600
7239
7243
7246
179287
23640
179290
23643
179293
23647
23650
179303
179306
179309
179340
179343
179344
179347
19675
19678
19693
138487
138494
138507
101645
138510
138511
199954
101650
199960
138524
199965
101664
138536
199978
101674
138539
199981
199984
101680
101683
138570
138573
200018
200021
200022
200025
101723
101726
200033
101730
101733
200039
200053
200063
200069
200072
134573
134590
200129
200132
200136
200139
179787
134740
134744
24152
24158
134756
134759
24171
24174
24175
24188
24200
134793
24203
134796
134806
134809
24234
24237
175865
175872
175885
175888
175889
175902
175914
175917
175948
175951
180073
180081
180095
163712
180105
180111
163728
180114
163742
163752
163758
163761
180154
180157
180161
180164
102345
102352
102355
163801
163804
102365
163808
102368
163811
102371
233461
233467
)


// ************************************************************************* //
