/*--------------------------------*- C++ -*----------------------------------*\
| =========                 |                                                 |
| \\      /  F ield         | OpenFOAM: The Open Source CFD Toolbox           |
|  \\    /   O peration     | Version:  v1912                                 |
|   \\  /    A nd           | Website:  www.openfoam.com                      |
|    \\/     M anipulation  |                                                 |
\*---------------------------------------------------------------------------*/
FoamFile
{
    version     2.0;
    format      ascii;
    class       cellSet;
    location    "constant/polyMesh/sets";
    object      twoInternalFacesCells;
}
// * * * * * * * * * * * * * * * * * * * * * * * * * * * * * * * * * * * * * //


1628
(
69633
14337
53250
14341
14342
53255
14344
61449
79884
65551
14351
61456
65554
79892
65556
65558
34839
14359
88088
61466
61467
4124
61470
79903
4127
88097
61473
61474
61475
14371
4132
61478
4135
4138
79915
61483
4139
61484
79918
4143
79921
79922
4146
53299
14387
88119
61495
14392
79929
79930
14394
88123
79931
14396
88126
88127
14400
88130
53314
88131
88132
14404
61509
14406
79943
88137
79947
79949
61518
14424
79961
43098
43099
79965
79966
14431
88160
79968
43105
43107
88165
14440
88170
43114
61551
43119
14447
61554
53362
57459
14452
53366
61559
53369
121
79994
61564
126
43135
80002
43139
61572
43141
43143
34952
14472
61579
139
140
34957
14477
57487
80017
14482
148
14485
61591
14487
34968
14488
34969
57498
53402
53403
14494
34976
14499
80036
63653
14501
53415
53416
14506
80043
57517
14509
80046
14511
14512
57521
53425
177
57522
34994
53427
57524
14516
180
53429
181
182
34999
57528
53432
14521
185
14523
53436
188
53437
14525
189
80062
53439
88256
80064
57536
80065
53441
14529
80066
80068
57540
53444
14532
88262
35014
57543
35015
53448
80073
57545
57546
14538
88267
80075
88270
57550
14542
80080
88273
14545
88274
80082
80083
57556
14548
212
104661
80085
57558
53462
104663
80087
35031
53465
57562
80091
104668
35036
57565
35037
80094
80096
63712
35040
57569
104674
53474
80099
80100
88293
57573
53478
80103
35047
88296
53481
80106
80107
53483
88300
88301
53486
80111
35057
88306
80114
35060
63733
80121
63738
63741
88322
258
35078
267
88333
35091
80150
80151
35097
80154
80157
35101
286
53535
35104
53538
291
35108
293
63782
53542
53543
53546
35114
299
88364
80173
35117
96560
63793
35123
96565
80182
63798
313
80187
35132
319
80192
320
321
323
324
326
63816
328
53578
88395
35148
53583
63826
96596
53588
96602
80220
35166
96608
35168
96613
35176
88426
80234
76138
35179
63853
80239
57711
367
63856
57712
35185
63858
35188
57718
57719
35192
96633
35195
53628
53629
76158
57726
53631
80256
57729
96642
57731
35203
80260
35204
388
76166
35206
35207
96651
57739
53651
76180
57748
57749
408
76185
53657
53658
410
57755
80285
53661
80289
53666
76197
53669
80296
53672
53673
88491
88492
80300
63917
53677
88494
88495
53680
63921
76211
63923
80308
76212
53684
53685
76214
88503
80311
63927
88504
80312
63928
53688
53691
80316
53692
444
76222
80319
447
53696
80321
35265
53698
450
76227
53700
88517
80325
35270
80327
80329
80331
76236
63950
70098
63955
88533
70102
96727
88535
80343
76247
63959
96728
63960
35288
76250
63962
96732
76252
96733
96734
63966
63967
76256
63968
70113
88546
39396
76263
487
63977
88554
76266
76269
39405
35309
96750
63985
35313
96754
35315
63988
63990
70135
63993
505
63994
96763
35323
70140
88574
63998
510
96767
511
88576
514
76291
35332
45573
35334
35336
45579
39435
76300
45580
96784
39440
64018
96789
76310
45590
96792
76312
45592
88601
39449
64026
64027
51743
96800
88608
96801
35361
96804
76324
70181
64038
51751
76328
64041
105002
35370
70187
64043
64044
39468
64045
105006
51758
76335
70191
35375
560
76337
70193
64050
88627
70195
39475
96820
64052
51765
39477
105014
64054
96824
88632
35385
70202
64058
96827
88635
39484
105021
35389
88638
88639
70208
64064
88643
64067
96836
84548
39492
88646
88647
96840
39497
88650
84554
64074
88651
35403
88652
70221
96846
35406
88655
70224
39505
96850
88658
64082
64084
70229
88662
64086
70231
39511
64088
88665
70233
601
88667
64092
70237
39517
96863
64095
64098
105059
84579
70243
35428
612
64102
105063
615
70248
64105
70251
64107
105068
88684
43628
70253
622
623
64112
70257
105074
96882
70258
64114
64116
39540
39541
96886
39543
35448
96889
96894
640
96897
35459
84612
64133
103048
96904
70282
96907
39563
64141
70286
96911
39567
655
88720
35472
35473
658
96915
70292
35477
661
88726
39574
84632
84633
70297
665
88730
39578
70299
35483
88733
70304
39585
70306
64163
78500
70308
64165
677
103082
103083
70315
64171
105132
64172
39596
70319
64175
39599
78512
105137
78514
70322
35506
96947
35507
105141
96949
103094
96950
64182
35510
105143
84663
103096
84665
39609
697
96954
105147
35515
105148
84668
113341
105149
103101
96957
701
103103
39615
84672
35520
103105
39617
96963
707
113348
708
105157
113350
711
113352
105160
39624
96970
715
84684
39629
718
105167
39631
103122
39635
103126
84694
84697
84699
103132
105181
103134
84702
105183
103136
105185
84705
84706
105187
105190
97000
64232
84713
105194
84715
105196
64237
105198
64239
105202
97012
64244
105208
64248
105211
64251
97020
97021
105214
97023
97024
105219
97027
105221
64261
113415
64265
105226
97035
105229
105231
105232
97043
105236
64276
105239
64282
84767
105248
64290
105252
64292
64294
97064
64296
64301
84782
43825
84786
64306
97075
97078
64310
43830
64311
84797
97091
84803
84804
105286
105289
105293
84813
15182
84817
105298
43862
105303
15194
105307
43871
97122
97125
43879
15211
43887
78704
15218
43892
43896
4985
15226
78716
15228
4988
15230
84865
4993
15235
84868
84869
70533
84870
84875
84876
70540
84880
70545
84883
78739
84884
15252
78741
5013
78744
70552
5016
15257
78748
52125
70558
70559
78752
78755
5027
70570
5034
70574
52143
52144
9136
9140
9141
9142
70583
70587
5051
5054
43967
9151
9156
52166
52167
5064
9161
5065
97226
52170
43978
97230
9166
5071
72659
97236
43988
9178
72670
9185
70629
44006
72680
48108
70637
72687
5103
70640
105458
44018
72691
48115
44019
70644
44020
97271
72695
70647
72698
70652
9213
70656
9216
44033
72710
97287
72713
97292
44045
9229
105488
5137
48146
97300
5140
5142
105496
5145
105499
5148
5149
44062
5150
97311
44063
9248
105505
44065
5153
5154
5155
5160
5161
17450
44077
9261
97326
97328
5170
70707
44083
5172
97333
70711
9272
70715
97340
105534
70719
9281
44098
70723
44099
44101
9286
70727
9287
70729
44105
9291
70732
97358
9295
70736
9299
44117
70743
9303
44121
48220
44124
48221
105566
70750
48225
48226
70755
9315
70757
44133
48232
9322
9325
105583
97392
44144
48241
97395
97397
97398
9335
97400
48249
105594
44154
48251
97404
105597
44157
44158
44159
48256
44161
48258
48261
97415
48263
105608
78984
44168
48265
44170
97420
44172
9356
105613
48269
44173
9357
78990
70799
70800
105618
9365
105623
9368
9369
70810
105628
97436
70812
105629
70813
9373
97440
70816
105633
105634
44194
70820
48292
70822
44198
44199
9383
70824
9385
70826
44203
9387
105646
97454
70831
44209
70834
70836
70838
105655
44216
97466
70842
44219
48316
70845
97470
70846
48320
97473
70849
48322
48323
44228
48325
48327
44231
48329
70859
44235
97484
48333
48336
9427
44245
97495
9431
97498
9435
48349
9439
9443
97508
97511
44265
97514
9450
70892
9454
97519
44271
97520
97521
70897
97522
97528
70904
48376
9464
97530
44282
97532
97533
9470
97535
97537
97539
70915
48388
97541
44294
97543
70920
48392
9480
44298
48395
9483
44302
105743
97552
70929
97554
105747
9491
105748
9493
105750
97558
9495
44312
105754
105755
97563
52507
105757
44317
70943
105760
105762
70947
97572
105766
70951
105768
44328
70955
105773
44334
105775
44337
70963
52533
97590
9526
9528
97593
105786
97597
44349
52544
52545
105794
70978
44354
105795
70979
9539
44356
9543
44360
97609
44364
97613
70989
44366
9551
44368
97617
70994
52562
44370
9554
9558
52567
44377
105818
105819
97628
52573
52576
9570
44387
52580
79205
52582
44390
52584
111978
97644
52588
97646
79215
105842
105843
97654
44406
9590
9591
111994
87418
79226
97659
9595
97661
71037
52605
111998
87422
111999
79231
97665
52610
44419
112004
97669
97671
44423
105864
9608
112009
44427
105868
105871
71055
44431
105873
44435
9621
105878
79256
105881
105883
105884
79260
71068
9630
105887
79264
105889
9634
71075
105892
105893
79269
71078
105895
71080
105897
105900
71087
105904
105905
105908
71092
105909
9654
105912
105913
105916
105919
105922
105925
71109
105927
71112
60872
105930
9676
105933
105934
60881
60886
9687
9688
9691
9694
9695
9701
60910
60914
60915
87540
87543
60920
9727
9731
105990
9735
105992
56842
105998
9742
105999
9746
87571
38422
9750
106010
38426
9754
56863
38434
56867
38438
38441
79407
56879
56890
9787
9788
9789
79422
56894
56895
9792
56898
79430
56903
79433
56905
9803
9806
9809
106070
9814
106074
106085
87653
79463
56935
79464
95849
106091
79467
87666
106099
106101
106103
56956
106112
56960
106115
79493
106119
106121
87690
56970
106124
87695
106128
79504
48787
56981
106135
3737
106138
3740
56989
106142
106143
87712
56993
3747
106148
56996
106149
87717
57001
57003
87724
79535
57008
57010
57012
57016
38586
57019
87741
57021
87744
87745
3787
79566
3790
3795
3800
3805
93920
93921
87777
48866
48867
79597
48880
52987
14075
14078
87808
53011
48919
48920
34584
38682
38684
53021
53024
87841
38689
87844
34596
53030
53031
34599
53034
38698
87851
3885
93998
61230
38702
93999
61231
94000
3888
3889
87858
3891
94004
94005
87861
87864
61241
38713
3897
48954
53053
48957
3901
48958
3902
48959
94016
61248
3904
48962
94019
38723
38724
94021
48965
94022
53062
38727
3911
38728
61257
38729
94026
79690
94029
48973
94031
61263
38735
3919
53074
61267
3923
94036
53076
38741
53079
94041
38747
61276
38748
3932
94046
87902
94047
48992
38753
87906
8035
61284
48996
94053
8038
48999
87913
94059
87915
49003
38763
94061
87918
49006
8046
3950
49007
3951
8049
49013
49015
38775
3960
61306
94075
61307
38779
38781
3965
94079
3967
3969
94082
3970
3972
3974
87943
38793
3977
38797
3981
38799
3986
87955
3988
38805
3990
38807
3991
14232
3994
3996
61342
3998
38815
3999
61344
38817
38819
87976
4009
87978
38826
87980
61356
38828
14252
87983
4015
79793
79794
87987
87988
14261
87990
87992
79802
87995
87999
14275
88004
61380
61381
88006
79815
88008
61385
88010
88011
79819
79820
69580
4044
69584
4049
53204
88021
88022
79830
53206
53209
4057
79836
69597
4062
79843
79845
61414
61415
61416
69612
61420
63469
4077
88046
4079
88049
61425
53233
88050
65522
88051
69619
4083
61429
88054
69622
53238
88057
88058
61435
14332
88062
79871
)


// ************************************************************************* //
