/*--------------------------------*- C++ -*----------------------------------*\
| =========                 |                                                 |
| \\      /  F ield         | OpenFOAM: The Open Source CFD Toolbox           |
|  \\    /   O peration     | Version:  v1912                                 |
|   \\  /    A nd           | Website:  www.openfoam.com                      |
|    \\/     M anipulation  |                                                 |
\*---------------------------------------------------------------------------*/
FoamFile
{
    version     2.0;
    format      ascii;
    class       cellSet;
    location    "constant/polyMesh/sets";
    object      twoInternalFacesCells;
}
// * * * * * * * * * * * * * * * * * * * * * * * * * * * * * * * * * * * * * //


303
(
10
18
21
31
34
35
68
71
72
75
279462
279487
279497
279500
279501
279508
279517
279520
279551
279554
1224
198011
198090
198093
198103
198106
198109
198143
198146
198147
198150
1664
1678
1688
1694
1697
1737
1740
1744
1747
428099
428105
428118
428121
428122
428135
428147
428150
428181
428184
158098
109015
109048
109062
109072
109078
109081
387635
387640
387644
109121
158274
109124
109128
109131
158288
387666
387669
158298
158304
158307
158347
158350
158354
158357
428714
428720
428734
428744
428750
428753
428793
428796
428800
428803
200152
355937
355943
355956
355959
355960
355973
355985
355988
356019
356022
200431
200434
200444
200447
200450
315139
315153
315158
470812
470818
315172
200487
200490
200491
200494
470831
470834
315186
470835
315193
470848
315203
315209
470860
315212
470863
315216
315222
315225
470894
470897
315301
315304
315308
315311
315315
315318
315322
315325
20531
118853
389258
118930
118944
118954
118960
118963
389348
20884
20898
20908
20914
20917
356792
356795
356809
356819
356825
356828
20957
20960
20964
20967
160257
356868
356871
160265
356875
160268
356878
160278
160281
160284
348728
389689
160315
160318
160319
160322
348742
389703
348745
455251
389717
348762
389724
348765
389734
389740
389743
389747
389753
389756
389832
389835
389839
389842
389846
389849
389853
389856
455449
119589
455463
455473
455479
455482
455522
455525
455529
455532
119776
119790
119800
119806
119809
119849
119852
119856
119859
119899
160862
119902
119906
119909
161169
161172
161178
161188
161191
161194
161231
161234
161235
161238
63624
63631
63644
63647
63648
63661
63673
63676
63707
63710
39437
39448
39451
39461
39464
39465
39501
39504
39505
39508
146246
146273
146276
146286
146289
146292
146329
146332
146333
146336
80825
80830
80844
80854
80860
80863
80902
80905
80909
80912
244822
490856
490862
490876
81279
490886
81287
81290
490892
490895
81300
81303
81304
425386
163242
425397
490935
490938
425404
81340
490942
81343
81344
490945
425410
81347
425413
425414
425502
425505
425509
425512
)


// ************************************************************************* //
