/*--------------------------------*- C++ -*----------------------------------*\
| =========                 |                                                 |
| \\      /  F ield         | OpenFOAM: The Open Source CFD Toolbox           |
|  \\    /   O peration     | Version:  v1912                                 |
|   \\  /    A nd           | Website:  www.openfoam.com                      |
|    \\/     M anipulation  |                                                 |
\*---------------------------------------------------------------------------*/
FoamFile
{
    version     2.0;
    format      ascii;
    class       cellSet;
    location    "constant/polyMesh/sets";
    object      twoInternalFacesCells;
}
// * * * * * * * * * * * * * * * * * * * * * * * * * * * * * * * * * * * * * //


2353
(
217088
147457
147460
163845
163850
163854
147470
147473
163864
147482
147485
147486
32
147489
217122
147492
217125
147493
217126
163878
98342
159784
217129
163881
98345
163888
127024
49
163891
127027
163894
159798
163895
127031
159801
163898
127034
61
163902
64
180292
98375
159816
72
159819
163920
127056
82
127059
127063
127066
97
147554
100
147557
147558
103
147561
147562
147565
180334
147566
147569
98417
163955
163961
163964
163977
163980
163981
163984
163985
163988
148
180376
163992
163995
98459
171
177
180
184
187
188
191
217280
192
180418
86212
98501
217293
159959
147672
159961
159967
147680
147683
159974
164071
159975
164074
180460
147693
164078
86254
98543
147696
164081
147699
217335
160004
261
264
268
271
273
106772
180502
86296
98585
147738
147741
147742
217377
147745
86317
86319
106804
86329
86332
98622
180544
86342
86345
217419
98636
86353
86356
147798
86359
86360
98650
86363
86364
98653
106846
86367
86370
86371
98663
180586
98666
147828
98676
217461
147831
147841
98690
98693
147846
106888
98696
147849
98699
147852
98700
98703
98706
98707
98714
147868
217503
98721
164270
147887
106930
213428
147892
217526
147895
147896
86457
180666
147899
86460
180669
86461
90558
217535
213439
86464
213441
86465
217538
33218
86468
86469
98758
180679
86472
86473
217548
86476
98765
86477
217550
86480
98771
180692
98774
217560
164312
98778
106972
90589
98784
180705
217570
98787
98791
90599
90602
90603
217580
98797
217583
180719
98800
33265
180722
90612
33268
147957
147960
217593
33273
217596
180732
180735
90624
164354
90627
217606
107014
33288
180745
33291
180748
217616
98834
33301
180758
98840
33304
98843
217629
98847
90655
217632
98850
90658
217635
98851
217636
180772
98854
217639
180775
98855
180776
217642
98858
217643
180779
98859
164396
217646
180782
98862
217647
180783
107056
217650
180786
33332
180789
217654
180790
33335
217657
180793
4667
217660
180796
217661
180797
217664
180800
217665
180801
217668
180804
180805
217671
217672
107084
217681
127571
180821
164438
107098
180831
4709
107112
180841
107115
107125
4730
164480
107139
4744
107153
107156
4759
180893
107166
4766
107169
4777
164522
107179
217774
107182
4783
4786
4790
107192
180921
107195
4796
107198
107199
4799
107202
107203
107206
107207
180936
107210
107211
107214
107217
107220
180951
107227
180957
180960
99043
99046
99050
99053
107249
99057
213746
99060
107256
99064
99067
99071
99074
99078
99081
4875
70413
4878
181009
70417
4882
70420
4885
181015
99097
4889
181018
181019
213788
99100
4892
181022
70430
181023
99104
4896
217889
70433
181026
181027
99107
4899
70436
181030
160550
181031
181034
181035
217901
181038
181039
217904
217905
181042
181043
107315
217908
217909
181046
181047
217912
217913
107321
181050
181051
217916
107324
217917
181054
181055
217920
107328
70464
217921
181058
70467
217924
160580
70468
107334
70471
217928
107337
217931
217932
213836
217935
217936
160593
160594
217939
217940
217943
160599
217944
9049
213850
160602
217947
217948
107356
213853
164701
160606
217951
107362
107365
217958
164711
213864
217961
107369
213867
213870
213871
107375
107378
164725
164735
9091
213898
164749
213904
164752
160656
144272
213907
160660
160663
164762
160667
160670
144286
107424
213923
107427
144292
107428
213926
213927
107431
164776
107432
213930
164779
107435
107436
9133
107439
107440
144306
107443
107444
164789
107447
164792
107448
164795
107451
25531
164796
107452
164799
107455
164800
144320
164803
164806
9158
164807
144327
144337
164819
144343
144346
144350
213988
144356
25573
213991
144359
164841
213995
218094
213998
9200
218097
144370
214015
164863
144384
144387
218121
181260
181263
25615
144401
144404
181270
181273
9242
164893
144414
181280
164896
144417
181283
164900
144420
181287
214057
181290
164906
164909
144434
218163
25657
164922
214076
144444
214079
181312
164928
181315
164931
9284
144454
181319
214089
181322
214092
214093
214096
144464
214099
218197
164950
144474
164956
144477
164959
25699
144487
144490
9326
164975
164978
164979
144500
164982
164983
144503
218232
164986
164987
164990
164991
25727
214144
144513
164994
214147
164995
214148
144516
164998
214151
214152
214155
25740
144526
107663
144529
91281
107666
181395
144532
144533
107670
144536
9368
107673
25753
144539
144540
107677
144543
144544
107680
218274
144547
144548
107684
144551
107687
25767
144554
107697
107700
25780
70838
230583
25783
107704
107707
91323
181437
107711
144576
25793
107714
9410
25796
25797
144582
107718
25800
144585
107721
25801
218316
25804
25805
230608
25808
25811
25814
230616
144601
230619
144604
144605
230622
144608
70880
25824
107747
91365
181479
107752
25834
107755
9454
25841
107765
91381
218358
91383
107768
107771
79099
9468
9471
230657
91393
230660
230661
230664
9481
70922
9484
91406
25870
9487
181521
91409
9493
9496
91419
181533
107805
25885
91422
218400
107808
181537
107809
91425
91426
9506
107812
91429
79141
91432
91433
34091
91436
25900
181551
9520
25906
34099
70964
25909
34104
25913
91452
181565
165182
34110
9534
165185
165189
181575
165192
218442
165196
9548
165199
181587
79188
25940
181590
165206
25943
25944
165209
181594
144730
9562
25947
25948
165213
144733
9565
144734
71006
181599
25951
165216
25952
144737
34145
144738
25955
218468
25956
144741
181606
144742
91495
25959
9575
144745
165226
144746
165229
144749
144750
165233
144753
144754
9586
218483
34163
165236
144757
9589
144758
9590
144761
9593
9594
181628
218493
9597
79230
34174
9600
34177
9601
91522
34178
144771
91525
34181
91526
9607
71048
124297
91529
91530
218507
181644
91533
34189
124302
91534
218512
144785
91537
181650
91538
218515
124308
181653
91541
218519
181657
218522
218523
181663
34208
144801
181666
218533
218536
79272
144809
34220
144813
181679
144815
124335
34223
34224
218546
71090
34227
9651
124340
181685
181688
181689
144825
9658
124347
181692
79295
218560
181696
9665
181699
144835
17864
9672
34249
144842
34252
144845
218574
124367
144848
124370
79315
144852
124374
144855
198104
144858
218588
71132
91614
9694
218591
91617
79329
198115
79332
9701
218601
67049
79339
9707
218604
79342
9710
218607
79343
198128
218610
198130
79346
26098
17906
218611
198132
34293
26101
218614
79350
71160
34296
218617
79353
67067
26108
218621
198141
144894
9726
26111
218624
218625
71169
9729
9730
198147
79363
218628
71172
9733
198150
79366
26118
67079
26121
26125
71182
67086
79376
26128
218643
79379
26132
67093
26135
67096
79387
71195
17948
79390
67102
9758
79391
67105
79394
91684
9764
79397
67109
79398
9767
144937
79401
71209
9771
79404
71212
144943
79407
79408
9777
144946
144947
9780
198197
144950
71222
198200
9784
71225
144954
79419
198204
26172
144957
144958
9790
198207
26175
181824
144961
9793
144962
181827
71235
26180
144965
9797
17990
218695
181831
181834
9803
218702
181838
91726
9806
181841
71249
218709
181845
181848
26202
91739
71260
67165
26205
91742
181855
71263
67168
9825
181858
71266
71267
67172
181862
71270
71271
67175
9831
91752
181865
71274
9834
71275
67179
9835
71278
67182
9838
9839
18032
71281
71282
9842
9843
71285
91766
71286
9846
9847
91769
71289
9850
9851
177788
91772
9854
18050
218761
124556
79501
218767
91791
18064
145041
218770
79507
145044
218774
79510
145048
218777
161433
145051
218781
71326
18078
145055
218784
145058
161443
79523
145062
79526
79527
91816
145065
79530
18092
161453
91822
91825
91826
91829
124598
91830
91833
218812
161469
18111
161472
218818
218821
18118
71368
218825
161482
18125
218831
218834
18132
218838
161496
91865
161499
79579
18139
218844
161500
79582
18142
218847
79583
124640
79586
18146
79587
161510
79590
79591
18152
79594
79595
18155
79598
79599
18159
161520
79602
71410
79603
218869
18165
79606
161527
218872
18168
218873
218876
18172
218877
71421
218880
218881
18178
161539
91907
218884
18181
71431
218888
18185
124682
71434
218891
218892
161549
218895
18191
218896
18194
218899
145171
71444
145174
161559
145178
145181
161569
91937
71457
71460
71463
71464
161579
71467
71470
91951
71471
71474
124724
161591
161597
91966
177983
161600
177987
91973
177990
71496
161610
177997
91983
178000
1872
178001
71506
1875
161620
91989
161623
91992
1880
161626
1883
91996
161630
124766
161633
92002
92005
79717
79720
161643
79724
178030
161646
79727
178033
1905
178034
1908
178037
71543
161656
161659
161669
124808
79761
178066
161683
178069
79765
79768
10137
10140
124829
145311
79775
161696
10144
145314
79778
178083
161699
79779
10147
161702
145318
161703
92071
145321
161706
92074
161707
124845
161710
92078
178095
71599
124848
161713
92081
161714
10163
161717
10166
18360
161721
10170
18363
161724
124861
79805
10173
71614
161727
18367
178112
161728
124864
79808
79809
10177
18370
178115
79812
71620
10180
161734
18374
71623
10184
18377
124874
10187
178125
18381
10191
178128
18384
10194
178131
178132
18388
10198
178135
18391
124888
10201
18395
161756
10205
18398
10208
178145
124898
18402
161763
10212
124901
18405
219110
178151
10215
219113
161769
71657
18409
178154
161772
18412
219117
124911
71663
219120
18416
10225
124914
71666
18419
10228
10232
10235
124924
71676
161791
71679
219136
71680
92161
219139
71683
92164
71684
161797
219143
71687
161800
92168
71688
161801
219146
124938
92171
71691
161804
71692
161805
124941
219150
124942
92175
71695
161808
71696
219153
124945
92178
71699
18451
124948
71700
219157
124949
92182
71703
219160
124952
71704
92185
92186
178203
124955
71707
219164
124956
71708
178206
219167
178207
124959
71711
178210
124962
219171
178211
124963
92196
219174
178214
124966
124969
92201
124973
92212
18493
92222
92225
71745
92228
124998
92231
178263
178266
178270
178273
161891
18535
71785
161898
92276
71797
92279
92280
71800
71801
125050
92283
92284
71804
71805
92287
71808
71809
71812
71813
71816
125072
18577
161944
161947
161951
161954
198827
125102
198831
198833
125108
125111
198843
18619
198846
198847
161997
162003
162006
162010
18650
198877
198880
198881
125154
18659
198884
162022
125160
162025
162026
125163
125164
162029
162030
125167
125168
162033
18673
162034
125171
125172
162037
162038
125175
125176
162041
162042
125179
125180
162045
125183
18687
125184
162049
125187
162052
125188
162053
125191
162056
125192
162057
125195
162060
125196
18700
125199
18703
18713
18726
18738
18741
18742
18745
18746
18749
18750
18753
18760
18767
72024
72027
72034
72037
18792
72041
72044
18802
72060
72063
18815
72067
18821
72070
18824
18828
18834
18837
18841
72098
72101
88487
125362
125365
18871
199098
125378
125381
88517
18886
125385
162250
125388
18892
162253
18895
18896
162257
18899
162260
18900
18903
18904
18907
18908
162270
125407
18911
162273
125410
199140
162277
125414
162280
125417
88559
125425
125435
125440
88581
195081
199182
125454
88591
195089
125457
195094
88601
125467
88604
125470
125471
125474
121378
2599
162344
88618
162347
88621
162351
88624
88625
162354
88628
195125
88629
162358
199224
195128
162361
125499
121407
125505
125508
121416
121419
121422
2641
121426
125524
125527
125528
125531
199266
121459
121462
121466
2683
113276
121469
88706
88709
88710
88713
88714
199308
88717
88718
19086
88721
19089
125589
19093
125592
19096
125596
19100
125599
19103
19107
2725
19110
19114
19117
199350
19130
19133
27329
19140
125637
19143
199370
19147
113357
19150
113359
2767
113361
113372
113375
113378
27371
125679
27385
2809
199420
27388
27398
113420
113423
113424
113427
27411
27414
27415
125721
27418
27421
113441
199462
27437
2861
2864
2874
125763
27463
2888
113483
2891
199504
27475
2901
27478
27479
27482
27483
27486
2915
142185
125805
113521
2929
113524
199546
35706
113535
2943
113538
113541
2952
199562
2955
2956
2959
113554
2962
142227
2963
125847
199576
27544
27547
142242
2980
199589
142245
199599
142255
3002
113596
199613
142269
199616
142272
142273
125889
3009
3016
199626
199629
3023
142291
199639
199642
199652
3045
113638
199658
125931
3051
142316
199661
3054
199664
199665
142322
199668
199669
142325
142326
199672
142329
142330
199675
199676
142333
199679
199680
3073
199683
3079
3082
3086
113680
199697
3092
125973
3095
3099
199710
207903
3105
3108
3112
199724
195628
199727
3119
3120
3123
3124
113717
3127
3128
199737
3131
199740
3132
207933
199741
142399
126015
3135
207936
199744
199745
142402
113730
199748
142406
199751
142409
199754
207947
199755
199757
207950
207951
113744
199764
195670
113758
113761
113771
199789
207985
113778
207988
207989
113781
113782
207992
113785
113788
195712
113810
113813
208024
113829
113832
199849
126121
113833
195755
113836
113839
199856
126135
195769
113849
199866
113856
208066
126155
208080
195792
126161
199891
208084
113878
208087
195799
199897
113882
199900
126173
195806
199904
126176
208097
195811
195814
208105
113897
195818
126186
208108
208109
126189
113903
208112
195824
208113
113906
195827
113910
208119
195831
126199
199928
126202
113916
195837
199934
113919
195840
199937
126212
126222
126225
113938
3348
3351
113944
126235
113947
3355
113948
85276
3358
113951
113952
113955
122151
3368
126249
3371
126252
97581
85294
3375
3378
199989
208182
126262
3382
199992
208185
199993
126265
3385
208186
199996
208189
199997
3389
208190
85310
200000
3392
208193
200001
126275
200004
3396
208197
200005
3399
208200
200008
200009
85322
3403
200012
200013
126285
3406
200016
85328
122193
3410
85331
200020
3413
126295
97623
3417
200026
200029
200033
126309
195944
126312
97640
126313
195946
126316
195950
126319
200048
195953
126323
97652
195957
200054
126326
97655
195960
200057
126329
126330
122235
195964
126333
85373
195967
126336
122240
85376
126337
97665
195971
126340
97668
85380
126341
97669
195974
85383
126344
97672
200073
195978
122250
126347
97675
200076
126348
97676
200077
195981
122253
126351
200080
126352
200081
126355
200084
200085
126358
122263
200088
200089
126361
122266
200092
126365
122271
126368
122274
126371
208293
122277
126374
122278
97705
126378
122284
122287
122290
97732
97735
97736
97739
97740
208335
114127
97743
114130
208352
208355
208365
208368
114164
97782
114167
97785
208378
126458
208381
208382
114174
208385
122369
114177
208386
122372
208389
122373
114181
122376
114184
122377
122380
114188
114191
122384
122387
114195
122388
114198
122391
114208
114211
126525
208452
208455
208456
208459
208460
208463
208464
208467
179812
179822
147058
179833
179843
179853
179865
147100
179871
179873
179882
126634
179885
126640
126643
179895
179905
179908
147142
200392
200395
179918
200399
179921
200402
200406
200409
179931
179934
179937
179938
200419
179941
200422
126695
179944
159464
179945
147177
200426
179948
200429
126701
147182
179951
179952
126704
126705
179955
126708
126709
179959
159480
126712
126713
179962
159482
147196
126716
179965
179968
126720
126723
126724
200454
147206
126727
126728
200457
126731
126732
200461
126735
200464
126736
126739
200468
126740
200471
147223
126743
126744
147226
126747
126748
147229
200478
126751
147232
126752
200481
126755
126756
200485
126759
200488
126760
126763
126767
126770
126771
147254
126774
126775
126778
126782
126785
147270
147276
147279
147292
147298
147301
98151
147305
147308
147309
147312
106372
106382
106390
180119
180122
180123
180126
180127
106399
98208
180130
106402
180131
180134
180135
180138
180139
106412
98221
180142
180143
106415
98224
180146
106418
106419
163764
180150
106422
98231
180153
106425
180154
98234
98235
180157
180158
98238
98239
180161
98242
147403
147406
147410
147413
98264
147420
163806
147423
147427
147430
217064
147438
106478
217072
98288
106481
217074
106482
98291
98292
106485
106486
98295
147448
98296
106489
106490
98299
217084
106493
217087
)


// ************************************************************************* //
