/*--------------------------------*- C++ -*----------------------------------*\
| =========                 |                                                 |
| \\      /  F ield         | OpenFOAM: The Open Source CFD Toolbox           |
|  \\    /   O peration     | Version:  v1912                                 |
|   \\  /    A nd           | Website:  www.openfoam.com                      |
|    \\/     M anipulation  |                                                 |
\*---------------------------------------------------------------------------*/
FoamFile
{
    version     2.0;
    format      ascii;
    class       cellSet;
    location    "constant/polyMesh/sets";
    object      twoInternalFacesCells;
}
// * * * * * * * * * * * * * * * * * * * * * * * * * * * * * * * * * * * * * //


593
(
69650
69653
69654
69657
8229
184359
8234
41003
184364
41006
41010
41013
184378
127037
184388
184394
184397
221299
184437
184440
221306
184444
221309
184447
221319
221322
221325
90275
221359
221362
221363
221366
127207
127216
127230
127243
127246
127247
127254
127267
127273
127276
127280
127292
127295
127362
127365
127369
127372
127376
127379
221588
49704
49718
49721
49738
49741
70260
70266
70269
70279
70282
70285
111263
152226
185002
111279
70319
221873
111282
70322
70323
152246
70326
152250
152253
221887
111296
230085
221897
111306
221903
230096
185040
111312
221906
185043
111315
70356
152281
152284
230109
185053
70365
230112
185056
185059
70378
70382
221946
70394
221949
70397
221953
185090
221956
185093
111365
185094
111368
185097
111372
111375
58139
70431
70434
58146
58149
70444
70447
58159
58162
58163
90945
58196
58199
58200
58203
91119
230402
91141
230414
91155
230428
91169
230438
91176
230444
230447
197679
91186
197683
91192
91195
91199
197697
91205
91208
197707
197713
197716
230487
230490
230494
230497
197756
197759
197763
197766
91284
91287
91291
91294
91298
91301
91305
91308
202062
202065
202081
202084
234961
234964
234969
234973
234993
234996
1540
1546
1560
71198
1570
71208
1576
1579
71215
71221
71224
202322
1619
71252
1622
71255
1626
71259
1629
71262
202338
202342
202352
202355
71286
202359
30332
181890
30338
181897
181900
30351
181910
202392
181913
30361
202395
181916
210589
202399
30367
202402
30370
210600
218807
218810
181947
181950
181951
50880
181954
218824
30408
30411
30415
218834
30418
218840
218843
235228
235235
235238
50926
235248
235251
235254
210679
38651
50940
210686
218883
210692
218886
50950
210695
218890
50956
218893
50959
235285
235288
235289
235292
210735
210738
210742
210745
71482
71487
51008
71490
51011
51015
38728
51018
38742
71517
71519
38752
71523
71526
38758
38761
30588
38801
38804
38808
38811
30632
30646
165822
30656
165827
30662
30665
10192
165848
165851
30705
30708
30712
30715
6193
6210
6224
6234
6240
6243
137336
137343
6283
6286
6290
6293
137366
137373
137379
137382
178367
178370
137421
178384
137424
137428
137431
178394
178400
178403
178443
178446
178450
178453
108827
108838
108841
108851
108854
108857
51546
108891
108894
108895
51553
108898
51556
51566
51569
51572
108924
108932
108935
108945
59795
51603
108948
51606
108951
51607
51610
108985
108988
154045
108989
108992
88546
59907
59910
59920
59923
59926
84517
154161
59957
59960
59961
59964
154185
154192
154195
154205
154208
154211
154212
154222
154228
154231
88720
154262
154265
154266
154269
162463
162485
162499
162509
154321
162515
84691
154324
162518
154328
154331
191199
84706
191206
191210
84721
191220
191223
191227
84731
162558
162561
84737
84740
162565
162568
162576
162580
191260
191263
162593
191267
162596
162597
191270
162609
84790
84793
162621
84797
191294
88894
162624
84800
191298
191303
191323
191326
162655
162658
129941
129948
129951
129961
89003
129964
129967
89013
89016
89026
240580
89029
129998
89039
240592
130001
130002
89042
240595
130005
89052
89055
89056
240610
89059
89060
240613
89063
89066
89067
89070
89166
89169
89170
89173
89174
89177
89178
89181
89182
89185
89186
89189
203904
126080
203912
203915
126096
203925
126103
203928
203931
126109
126112
212152
203962
203965
126141
212158
203966
126144
203969
126148
126151
212172
212182
212188
212191
212231
212234
212238
212241
240979
241049
241052
241062
241065
241066
191929
245192
245198
191960
245211
191963
191964
245214
245215
245228
191983
191986
245240
245243
60931
60940
60943
241176
60953
245274
241179
241180
60956
245277
241183
60959
171581
60990
171584
60993
60994
171589
60997
171608
171611
40552
110321
40726
110376
110390
110400
171843
110406
110409
171856
171869
171872
171873
171886
40816
110449
110452
110456
171898
110459
171901
40830
40833
40843
40846
40849
40850
171932
171935
40875
40881
40884
40900
40903
40904
40907
69587
69597
69600
69610
69613
69614
)


// ************************************************************************* //
