/*--------------------------------*- C++ -*----------------------------------*\
| =========                 |                                                 |
| \\      /  F ield         | OpenFOAM: The Open Source CFD Toolbox           |
|  \\    /   O peration     | Version:  v1912                                 |
|   \\  /    A nd           | Website:  www.openfoam.com                      |
|    \\/     M anipulation  |                                                 |
\*---------------------------------------------------------------------------*/
FoamFile
{
    version     2.0;
    format      ascii;
    class       cellSet;
    location    "constant/polyMesh/sets";
    object      twoInternalFacesCells;
}
// * * * * * * * * * * * * * * * * * * * * * * * * * * * * * * * * * * * * * //


407
(
116736
116743
116745
116749
116764
124958
116769
116770
116774
116777
116782
22574
30771
116789
54
116791
116792
64
116801
124994
116802
116803
30787
116806
125007
116818
116824
125023
116832
96
77926
77928
77929
22634
77931
77942
125050
125056
125059
77957
22663
135
125070
148
125079
125080
77976
152
129178
154
125083
77979
80029
77981
80033
80036
167
80042
125099
125101
78005
78006
182
78010
78016
192
78021
78023
205
206
210
213
129238
129242
219
129248
129250
129251
227
129257
129260
96492
67825
67826
244
129269
247
96510
261
267
272
67858
276
280
96538
287
67872
289
290
67880
67882
67884
303
306
308
67898
67900
67903
96576
55636
67930
67931
96610
67943
67945
55667
96632
55672
96639
55679
96642
96652
55692
96656
96661
55702
125339
55707
96672
96680
22955
33260
33261
33267
55808
55810
23046
23058
23062
33304
33305
33308
33311
33313
121378
33314
121386
121389
121392
55856
33334
55868
33348
33354
55887
55904
55912
41594
55947
135822
135831
135835
135837
96933
135849
135850
121619
121623
121628
35622
35627
35639
35643
35658
35661
33619
97118
35688
29549
29559
58236
78726
78727
35730
35732
78748
68511
68512
138145
68513
138158
138160
138165
68536
68540
142271
138175
138177
138181
138182
35783
138184
138185
142303
142317
142323
142327
142337
142344
142356
142358
142359
142364
142366
142374
142378
115757
7215
7245
80974
80976
19542
97401
81019
97409
81029
97415
117898
81036
81040
117913
117915
117916
81054
117920
97442
81059
117934
81071
117936
81075
81077
97462
81080
81081
81084
19646
97477
81093
7366
19656
81099
81103
48373
48382
118021
46341
68880
56593
68882
68883
68884
68887
68893
68894
68898
36143
46384
36155
68936
36168
36169
68939
36172
36174
68946
68953
36185
36186
68956
36188
68958
36190
36201
36210
68979
36214
36217
68986
7546
68989
68995
69000
66952
69002
69007
69008
69010
69023
69032
36271
67006
67009
67011
67025
67028
67032
67041
67042
67046
67050
67055
67058
79350
67065
67066
79357
7682
67082
79377
79379
7702
79383
79386
79387
79397
5692
7760
79446
79478
79482
79486
79488
79497
79508
79509
128668
79520
79524
79534
79545
79554
7881
79566
79567
79569
128728
79586
128739
79590
7910
128750
128751
128755
128769
128786
128787
128789
128798
128806
128811
128827
128833
128838
135005
116582
128871
116586
116589
135025
135028
3956
3964
116607
30607
116633
34717
34724
6053
90022
90023
34732
30637
30638
116655
34739
34740
90037
6076
90050
6082
116679
34759
90061
90062
6096
116689
116692
116698
6106
116708
116712
116714
135150
135151
116723
90103
)


// ************************************************************************* //
