/*--------------------------------*- C++ -*----------------------------------*\
| =========                 |                                                 |
| \\      /  F ield         | OpenFOAM: The Open Source CFD Toolbox           |
|  \\    /   O peration     | Version:  v1912                                 |
|   \\  /    A nd           | Website:  www.openfoam.com                      |
|    \\/     M anipulation  |                                                 |
\*---------------------------------------------------------------------------*/
FoamFile
{
    version     2.0;
    format      ascii;
    class       cellSet;
    location    "constant/polyMesh/sets";
    object      twoInternalFacesCells;
}
// * * * * * * * * * * * * * * * * * * * * * * * * * * * * * * * * * * * * * //


280
(
6
8
36937
36963
176281
176284
98515
98521
98532
98533
176358
176370
69885
258
176392
176394
266
98572
98573
98574
279
98584
280
283
176412
176420
98600
98602
98603
314
322
339
346
360
361
362
364
365
366
367
368
376
388
391
94618
94625
176550
94630
94631
94642
176566
176568
94648
176569
176576
176578
176582
176589
94669
176591
94676
94686
94687
94691
94692
94694
94701
37366
94713
94714
94721
94722
94728
94737
94741
630
8960
9113
74650
9115
74654
74696
111565
74703
74704
74713
74752
74753
111621
74757
111627
74763
111630
111637
111640
74780
209963
209966
74799
74800
74803
209972
74805
209974
1078
209975
74809
74822
74825
74834
74835
210016
111814
111823
111828
111832
111833
111839
111844
75074
128551
128574
128575
128577
128580
128582
128602
145027
18198
18246
178195
178221
178230
18496
178243
178252
178253
178255
178265
178278
178283
178305
18641
18644
18650
18658
18799
129403
18811
113139
113145
113146
174590
174592
174596
174598
174613
174617
174623
174630
174639
174646
174651
174655
129687
113364
113366
129766
113425
113434
113442
129874
23404
19397
129991
19441
113670
19464
19473
19477
3105
138275
3113
3138
19533
3195
113794
113795
52366
3230
52384
52389
113840
52405
52414
113865
3277
113884
113885
3299
113893
113895
3303
113903
3314
113908
3320
3321
3331
3332
3338
113935
113966
113994
19786
114009
114010
52578
114023
52584
114031
114032
114039
114046
114047
114049
118152
118158
118162
19920
192031
192032
192038
192104
192110
192117
97923
97924
97926
175752
175758
175766
175780
97957
175792
175806
175808
175812
175814
175824
138963
98004
175829
98008
175836
98015
138978
98027
98031
98039
98040
98054
98073
98082
98084
98088
98089
98093
98100
98106
98108
98112
98115
98117
98120
98128
98130
94045
94055
94064
)


// ************************************************************************* //
