/*--------------------------------*- C++ -*----------------------------------*\
| =========                 |                                                 |
| \\      /  F ield         | OpenFOAM: The Open Source CFD Toolbox           |
|  \\    /   O peration     | Version:  v1912                                 |
|   \\  /    A nd           | Website:  www.openfoam.com                      |
|    \\/     M anipulation  |                                                 |
\*---------------------------------------------------------------------------*/
FoamFile
{
    version     2.0;
    format      ascii;
    class       cellSet;
    location    "constant/polyMesh/sets";
    object      twoInternalFacesCells;
}
// * * * * * * * * * * * * * * * * * * * * * * * * * * * * * * * * * * * * * //


2353
(
49152
81923
49156
81926
450567
81927
49159
81930
81931
81934
81935
122897
81938
81939
303124
81942
81943
81946
262192
122928
262198
54
262201
122942
122960
122967
450653
122979
16486
122985
303210
122988
122992
122998
123001
303226
303240
140
114836
303254
114839
303257
262298
114843
16540
114846
16545
114850
303267
114853
303270
303271
114857
114860
16558
16561
450739
16564
114870
262328
114873
82106
114877
82109
262334
114880
262337
82113
82116
123077
123080
82120
82123
123084
123087
82127
82130
123091
262356
123094
82134
16598
262359
262360
82137
16601
123098
16602
262363
262364
123101
82141
16605
262367
262368
82144
226
262371
262372
262375
262376
262379
262380
262383
262384
262387
262388
303349
262391
262392
262395
262396
262399
262400
262403
262404
450823
344327
262407
262408
409867
262411
262412
262415
262416
262419
262420
262423
262424
262427
262428
344349
262431
262432
450849
262435
450852
262436
98596
344358
262439
262440
262443
262444
450862
262447
450865
409912
312
262457
450875
262460
450878
262464
262467
409926
450888
450891
303435
450901
344405
450904
450907
450908
450911
450912
450915
450916
450919
450922
450923
450926
98682
398
303527
303530
344491
303540
303543
303553
303556
303559
303560
303563
303566
303567
98768
303574
484
451058
303602
451061
451062
303608
451065
451066
303611
451069
451070
303615
451073
344577
451074
451077
303621
451078
303624
451081
344585
451082
131595
451085
451086
344591
451089
344598
303640
303643
303644
303647
344612
98854
344615
180783
344625
131633
180790
426553
74299
344639
578
180803
180806
180807
74311
344649
74314
74315
426575
592
344659
180820
426581
131671
426585
606
303711
180832
344673
74337
303714
303715
180835
344676
262756
74340
74341
303718
426599
344679
303719
262759
131687
74343
451177
303722
344683
303723
262763
620
344686
303726
262766
131695
426609
344689
344690
131698
426612
344693
451191
426616
344697
634
426619
344700
131708
98940
180866
180869
131718
648
131721
451213
344721
131731
262806
131734
662
262809
426650
131738
451227
131741
451230
426656
131744
131745
673
426659
131748
131749
262822
451240
131752
680
262825
451243
426669
262829
687
426672
262832
426676
451253
344758
694
426679
451256
701
451266
708
451269
451272
451273
715
451276
451277
344783
451280
99026
722
451283
451284
344789
58069
344792
728
303835
731
303838
735
303842
303845
741
744
303849
344811
303852
748
426734
303856
426737
344817
754
303859
344820
426741
757
426744
761
180988
767
770
131845
774
131848
344842
131852
780
131855
783
344848
131856
344851
131859
787
344852
131860
344855
131863
344856
131864
793
344859
131867
131868
796
344863
131871
800
344866
344867
344870
344871
807
99112
344874
58155
344878
344881
451380
451383
451384
451387
451388
451391
451392
451395
451396
451399
451400
451403
181074
131944
131947
99198
58241
181146
132014
181176
345035
345038
345042
345045
181206
99287
58327
99291
345055
345058
345062
345065
99308
451569
345075
181236
345078
99318
345082
345085
99328
99331
132100
99341
99344
99354
1052
1055
181281
58402
1059
1062
99368
58409
1066
1069
181295
58416
1073
1076
99382
1080
58426
1083
181309
1087
1090
99396
58436
1094
451655
99399
58439
1097
181323
99403
1101
99406
99407
1104
58449
99410
99411
1108
99414
1111
181337
99417
132186
99418
1115
181340
99421
99422
1118
58463
99425
1122
99429
58469
1125
181350
58472
1129
99435
58476
1132
99438
58479
1136
99441
58482
1139
181364
58485
58486
181367
1143
181368
58489
181371
58493
181378
181385
181392
451741
181414
58541
181424
58548
181430
99512
181433
410812
181437
99519
181443
181446
99526
181450
410827
181456
181459
181463
181469
181472
42210
58600
410857
58606
58609
451827
181491
58613
42232
181497
58619
181500
181501
58622
181504
181505
58626
181508
410885
58629
58630
42247
83208
58633
58634
58637
58638
58641
42257
410899
58645
42263
58648
410906
42266
99614
410913
99620
99623
410920
99627
410926
419119
410929
99633
99636
410933
99640
58680
410939
410942
99646
419135
99649
419138
181570
132421
42309
42312
99659
419148
42316
99662
419151
99663
42319
419154
99666
99667
99670
99671
99674
99675
99678
83294
99679
99682
378214
99686
99689
99693
99696
419185
99697
419188
99700
419189
99701
83318
419192
99704
83323
132478
83332
132488
83342
58766
451985
132498
411027
132501
411030
181656
83352
411034
83355
411037
83358
132511
411041
132514
83362
411044
83365
411048
83368
411051
132524
132538
378300
132541
132542
132545
132549
132552
132555
132556
132559
378323
378337
58852
378350
181742
83438
378353
83441
378354
83442
83445
378361
83449
83452
83453
132607
83456
378374
58888
378380
378383
378387
58902
378399
378402
58915
58918
58928
452147
58931
58932
58935
58936
132665
99901
83517
132671
75327
99904
132674
132675
58947
181828
99908
132678
132679
99911
132682
83530
99915
132686
99918
132689
132690
99922
132693
99925
132694
83543
132697
99929
132698
83546
83547
99932
132701
99936
99939
26211
75364
378469
75367
378472
83560
378476
26222
378479
181874
378483
83572
378486
83575
75383
75386
181888
181891
452233
181901
59029
181915
181929
181932
181933
83630
181936
83633
26308
181958
132807
132810
181965
59085
132814
132817
181975
59099
181981
181984
59112
59115
59116
337650
182003
59123
182009
182012
132862
182016
337669
182022
337672
182025
26377
182026
182029
182030
59151
26383
182033
59157
59160
26393
59164
26396
26397
337697
26403
337700
26410
26416
26419
59191
59194
59195
59198
59199
59202
59203
59210
132948
26453
59223
26456
26457
26460
59229
59232
59236
452455
132972
59248
59251
132986
132989
132999
133002
133003
26509
133006
26512
26516
26519
452509
452512
133031
452522
452525
133037
133040
452535
133056
133059
452548
133060
452551
133063
452561
452564
182235
452574
182238
59360
452577
337889
182242
59363
182245
59367
337897
182249
59370
452587
337900
182252
452590
59374
182256
59377
182259
337910
182263
452600
337913
182266
452603
337916
182270
182273
452613
182277
452616
182280
133128
452617
452620
182284
452621
182287
452624
452625
452628
452629
452632
452633
182297
452636
182300
452637
337950
452640
182304
452641
337953
337954
182307
452644
337957
452647
452648
133162
452651
452654
452657
452660
452663
133175
133178
133179
411715
133192
133204
133207
452696
59515
59518
59522
338052
59525
59529
59532
133265
133268
133272
133275
182437
59557
182440
59560
182444
59564
182447
59567
59571
59574
182457
182460
182464
133312
182467
133315
182471
182474
182478
182481
452822
338138
411894
411897
411907
411910
411911
411947
452909
411950
411951
452912
338224
452913
411954
452916
452917
452920
452921
305466
452924
452925
305471
452928
452929
305474
452932
452933
452936
452937
452940
305484
452941
305487
452944
452945
305490
452948
452949
452952
452953
452956
452957
452960
452961
452964
452965
452968
305520
305523
305524
305527
338310
149905
149911
149914
149922
149925
149926
149953
149956
149957
149960
420309
420333
420336
223736
420346
420349
420350
453125
453128
223753
223763
223766
420383
223776
420386
420387
338467
420390
223783
223792
223795
338489
305723
338497
338504
338507
223826
338517
223829
338531
338541
338551
338568
305801
338571
338574
338575
338578
338581
338582
76439
338585
338589
338607
420559
338644
305887
76525
338684
338690
338693
174857
338715
338721
338724
420645
338728
338731
338732
338735
338736
338739
338740
305973
338743
338744
338747
338751
338754
76611
174929
306021
306035
420731
306049
306052
174981
174984
306062
306065
174994
174997
76693
175000
175001
306075
306078
306079
306082
306083
76707
306086
306089
306096
265137
76721
338878
76735
338881
297921
76738
175043
338885
175046
175047
76743
338888
175050
175051
76748
175054
420817
338898
76755
338901
306136
338905
76762
338908
306142
306145
306149
224230
306155
76779
306158
224240
76785
224243
76788
76792
224253
76798
224256
76801
224259
76805
76811
297996
306189
76814
306192
306193
306196
306197
175127
306200
76824
306201
298011
76827
306204
298014
224290
224293
224294
420903
306215
298024
224297
306222
306225
298039
298042
306235
298045
306238
306241
298061
306272
306275
306276
306279
298089
175213
298095
298098
298101
298104
298105
298108
420989
175242
175245
339088
76950
175255
76953
175258
76957
76960
175268
76964
175271
76967
175272
175275
76971
175278
76974
175279
76978
76981
298168
76985
298171
76988
298175
298178
421075
306391
306394
306398
306401
306405
339174
306408
306412
175342
306415
175345
175346
175349
175350
175353
175354
175357
421161
339260
306494
421247
339346
306580
249256
249264
249267
249277
249280
249283
421333
249314
249317
249318
249321
306666
421366
421378
421391
421401
421404
421414
421417
421427
339507
421430
421440
306752
421453
421456
421466
421469
421479
421482
421492
421505
421508
421509
421512
421513
339593
421516
421519
421520
421523
421526
306838
421527
421530
421531
421534
421535
421538
249506
421539
421542
421543
421549
421552
421555
421556
421559
306872
421562
421565
421566
306878
421569
306881
306884
306894
249550
306908
249564
12000
339684
306918
249574
339687
12007
12010
249580
36588
249583
306928
12020
339701
12023
339704
12026
306942
306945
339714
306948
306949
421639
306952
306955
306956
306959
339728
306960
339731
249623
12057
249626
12060
339741
12061
249630
36640
12064
249633
36643
339751
306984
339765
36662
339768
36665
339771
339772
421694
339775
339778
339779
339782
339783
12107
307021
421716
339831
12151
307067
307073
307076
421785
339866
307098
339869
307104
307107
307108
339879
307111
307112
339882
339883
307115
307116
339887
307119
307120
307123
307124
307127
307128
307131
339909
12237
421845
421857
421860
421861
421864
421865
339946
421868
421869
421872
421873
421876
421877
421880
421881
421884
421885
339965
421888
421889
339971
421892
421893
339974
421896
421897
421900
421904
421907
421908
421911
421912
339993
421915
421916
421919
339999
421920
340002
421923
12323
421924
421927
372794
340030
340036
340039
340040
307273
340043
340044
340047
340048
340051
340052
340055
340056
340059
340060
340063
12409
340097
340100
340101
340104
372880
307359
307391
307405
12495
307418
307421
307422
307429
372971
307442
151794
307448
372985
307451
307455
422153
307467
422156
307470
12581
422184
422187
340275
340278
340282
340285
422212
422215
340295
373065
340298
340302
340305
340318
340321
340325
340328
12667
307582
307585
307589
307592
422283
307602
307605
307609
307612
373151
250319
12753
250328
250329
307679
250336
422369
307682
307686
307689
307693
307696
373237
250368
250371
422439
12839
422442
422446
422456
422470
373323
422481
12883
422484
422488
12889
12903
422506
12906
422513
12916
266877
12930
12933
422536
422542
12943
422545
422549
479898
422555
12957
422558
422559
373409
422562
422566
422569
12971
12981
12984
12994
266947
12997
266950
13007
266960
13010
266963
266964
13020
13023
13026
13027
13030
13031
13034
13037
13038
479984
13041
13044
13045
373495
267000
13048
13049
226042
267003
267004
13052
267007
13055
13056
422658
13059
422661
480006
422665
13065
422668
422672
422675
422679
267032
422682
373530
480030
13087
480033
480036
373544
267048
480046
480049
13109
373558
267064
373561
37689
480059
13116
373571
480069
480072
226120
480075
480076
480079
373585
480082
480083
226133
480086
480087
226136
226139
373599
37728
37736
373613
373616
390001
373619
373620
37750
37753
373627
37763
37766
373640
37769
37770
13195
373646
373649
13201
13204
373653
373659
390046
373662
373663
37794
373670
13223
37800
390059
37803
13229
390062
390063
13232
37819
390076
373692
480189
37822
37823
480192
480193
37826
373699
13251
480196
480197
480200
390088
480201
13257
373706
390091
480204
13260
480205
480208
13264
480209
480212
373716
267222
13270
13273
373722
373725
373729
373735
390122
373738
390125
37884
373757
37887
373763
37891
373766
37894
373770
373776
13328
373779
13331
13332
373783
13335
13336
13339
13340
373789
13343
373792
13344
373793
13347
373796
13348
373797
13351
373800
13352
13355
373804
267308
13356
13359
13360
13363
13364
13367
13368
13371
13372
13375
373842
267346
373844
373853
373856
267360
373857
267363
267373
267387
373887
373890
373891
373894
267400
267403
267404
267407
267410
267411
267414
267415
267429
267451
267458
267483
267489
267492
267511
267517
267520
267524
267536
267539
267540
267543
267544
267547
267548
267551
267553
13625
13628
13632
13635
13645
13648
13652
13655
13665
13668
13672
13675
13679
13682
374132
13686
374135
13689
374139
374142
374146
374149
374153
374156
267685
267688
267692
267695
374196
374199
267705
374203
267708
374206
267712
374210
267715
374213
267719
374217
267722
374220
374230
374233
374237
374240
374244
374247
374251
374254
374258
374261
374265
374268
374335
374421
374507
481014
481018
374598
374601
374611
374625
374628
374638
374641
374642
374645
374646
374649
374667
374713
374719
374722
374738
374741
374742
374745
374746
374749
374750
374753
374823
374826
374830
374833
415822
415833
415836
415846
415849
415852
415885
415888
415889
415892
260317
112865
112868
448757
448762
448772
448775
448778
448800
227616
448803
448804
448807
260395
112939
227632
227650
227653
227687
227690
260481
113025
113030
39307
113037
39310
113047
113050
39324
39334
113063
113066
39340
113069
113070
39343
113073
113074
113077
113087
113093
113096
39380
260567
39383
39387
39390
449031
113160
113163
113164
113167
449040
113168
449043
113171
113172
113175
449053
449056
449059
260653
449091
449094
449095
449098
399953
113234
113237
113241
113244
260739
457370
457374
457378
400036
457388
457391
457395
457426
457429
457433
260825
457436
400122
260911
400208
39760
260997
252833
400294
39846
400316
400328
400338
261083
400351
400354
400364
400367
252919
400377
400380
39932
400393
400396
400399
400400
400403
400404
400407
400408
400411
400412
400415
400418
400419
400422
261169
400440
253005
40018
400513
261255
253082
302247
253095
40104
253105
302268
400573
253119
400576
400577
302273
253122
400580
302276
400581
400584
400585
400588
253132
400589
400592
400593
400596
400597
400600
400601
253146
400604
400605
261341
253149
302303
400608
253152
302305
253153
253156
302309
253159
302312
253172
40183
40191
40201
253194
40204
40214
40217
253216
40227
253222
40230
253225
40240
261427
253244
40254
40257
253250
40258
253253
40261
253254
400711
113991
40264
253257
400714
253258
40268
253261
253262
40271
253265
253266
40274
253269
40277
40278
40281
40282
261513
40345
114077
400800
335280
335284
335286
400824
253375
253378
400838
253382
335303
253385
335306
261578
400848
253395
400854
253398
400857
253402
253405
40415
40421
261608
40424
40425
40428
40429
40432
261617
40433
114163
261620
40436
261624
40440
40443
40444
261631
40447
40448
400897
261634
40451
400900
40452
40455
400904
40456
400907
40459
261644
261647
261657
261671
261674
335412
261684
335414
261687
335422
261697
261700
114249
261710
261720
261723
261733
261736
261746
261756
261769
81547
261772
40589
40592
40596
261782
40599
81569
261796
261806
81591
261816
261819
261820
48829
261823
261826
261827
114371
261830
114374
261833
261834
261837
81613
261840
114384
261841
335571
114387
261844
261847
261848
261851
114397
261854
261855
261858
261859
81635
261862
261863
261866
261867
114411
261870
261871
261874
261877
261878
261881
114425
81657
261884
114428
261887
114431
261888
114432
261891
114435
261894
114438
81671
81674
335633
261906
48915
335636
81684
261909
261913
335646
335649
81698
335652
81712
261946
81726
81729
335687
335690
335691
81739
335694
81742
81750
114520
81753
81754
81757
81758
81761
114531
81764
81767
48999
81768
49013
81784
49016
81791
49026
49029
81798
49030
49033
114575
114582
49058
49064
262058
49067
122811
49083
303038
114622
49086
49087
81857
49090
262083
114628
114631
81863
81866
114635
81870
114641
114644
81876
114645
81879
114648
114649
81883
114652
114653
114656
114657
81889
114660
81892
114661
114671
114677
114680
49149
)


// ************************************************************************* //
