/*--------------------------------*- C++ -*----------------------------------*\
| =========                 |                                                 |
| \\      /  F ield         | OpenFOAM: The Open Source CFD Toolbox           |
|  \\    /   O peration     | Version:  v1912                                 |
|   \\  /    A nd           | Website:  www.openfoam.com                      |
|    \\/     M anipulation  |                                                 |
\*---------------------------------------------------------------------------*/
FoamFile
{
    version     2.0;
    format      ascii;
    class       cellSet;
    location    "constant/polyMesh/sets";
    object      twoInternalFacesCells;
}
// * * * * * * * * * * * * * * * * * * * * * * * * * * * * * * * * * * * * * //


1183
(
172036
65546
172043
172053
172059
122908
172062
122911
122912
172066
122915
172072
172075
122931
122956
122962
122965
122966
344153
122969
122970
122973
172151
172154
172158
172161
172165
475271
172168
475276
172172
172175
475290
172189
475300
475306
172204
123052
475309
123055
123059
123062
172216
186
172219
172229
205
208
172242
475349
172245
123095
475352
172248
172249
218
475356
172252
221
222
475359
172268
344327
172296
265
268
269
272
172308
172311
172312
172315
172316
172319
292
299
312
315
316
329
341
172374
344
172377
65882
123269
393
396
410012
410019
410022
65964
65967
410032
410035
344501
410038
65977
65980
65983
65984
65991
65997
66000
410069
344534
410072
410073
410076
344548
344562
66034
66037
66038
66041
344576
519
279053
344590
344604
344611
344618
66090
66093
344625
66097
66100
344632
279099
279102
279103
344642
344648
344651
344655
344661
344664
279130
344668
279133
475742
279135
344674
344677
475750
336487
616
475753
344681
619
336493
344687
344690
475763
629
475766
344694
632
475769
633
336506
344700
336509
336510
344703
336523
475799
336535
475802
336538
123546
475803
475806
123550
123564
123574
336569
123577
336572
123581
123584
123615
123621
123624
123634
123637
123641
123644
369418
788
123699
123702
344887
344890
123706
123709
344894
344897
344901
344904
344908
344911
344915
344918
344922
344925
344929
344932
476006
344936
344939
344943
344946
344950
344953
369550
369564
369574
369580
369583
369623
369626
369630
369633
476180
1121
148605
1176
1190
476355
476363
1234
476373
1237
1238
476376
1241
1242
1249
476386
476389
476390
476393
1259
476397
476400
1265
1268
1272
1278
1281
148775
476466
476469
476470
476473
476477
476480
476481
476484
460120
460127
460130
1381
1384
460140
1388
460143
1391
460144
304496
410995
304499
1395
1398
1402
1405
304513
148870
304523
304529
460179
304532
148884
460182
460183
148887
460186
148897
148913
148919
304569
148922
148923
304572
148926
304576
304579
148978
148981
148985
148988
411140
411154
411164
411170
411173
411212
411215
411219
411222
411252
304877
460576
460583
460586
411436
411439
460596
460599
460600
411449
411452
411453
460633
460636
460637
460640
411489
411492
411493
411496
305009
305023
305033
305039
305042
116626
305083
305086
305090
305093
305125
116776
116780
116789
116792
116802
116812
116815
116819
116822
116825
116826
460932
305299
116889
116892
116896
116899
116900
116903
116904
116907
460972
166165
166186
166192
166202
166205
166206
305473
305486
305499
166245
166248
305513
166249
305516
166252
305526
305529
305530
305561
305571
305577
305584
305594
305597
305607
305610
305613
305614
305617
305621
305624
305631
305654
289274
305660
305663
289279
461312
305667
305673
305676
289293
289303
305692
289309
305695
305696
289312
305699
461378
289352
289355
289359
461392
289362
461402
289370
461408
305760
461411
305763
305764
461413
305767
305768
305771
461423
305775
305778
461429
461432
428692
305823
461502
461505
461509
461512
461522
461525
461529
477915
461532
43753
428780
84716
428783
84722
428793
428796
289532
428797
84736
289539
289542
84746
84752
84755
289556
428830
289566
428833
289569
428834
289570
428837
289576
166698
84795
305981
84798
84802
84805
305990
289607
305993
289613
289616
306003
306006
289626
289629
289630
306016
289633
306019
306020
306023
306026
306027
420725
478074
478077
478087
478090
478093
43927
420760
166809
289691
289694
289698
289701
420776
306090
478124
306093
306094
478127
478128
306097
306098
478131
306101
306102
306105
478142
117734
478201
117789
306215
306218
306222
117806
306225
306229
306232
117816
306236
85052
117822
306239
117825
44101
167002
167016
117865
478314
167019
117868
478317
117872
117875
167029
478327
478340
167046
478343
478346
478347
167052
478350
167055
167056
167059
478366
478394
85184
85187
478406
167112
478409
478410
167115
478413
85197
478414
167119
85200
478417
85201
167122
44275
85237
85240
85241
85244
44301
44304
44307
44317
478496
478499
44327
44341
44355
44358
44361
44362
44365
44366
85349
44402
44409
44449
44455
44458
44462
44468
44471
44472
44475
44476
44479
44480
421313
44483
421316
44484
44487
421330
421340
421346
421349
421386
421389
421393
421396
44608
44611
44615
44618
44622
44625
44629
44632
265909
421576
265959
265962
85743
85746
265972
265975
265978
85756
85759
85762
266009
266012
266013
266016
85793
85796
85797
85800
421746
421752
421759
421769
421772
421785
421788
421791
421792
421795
421796
225197
225213
225223
266186
12234
12237
225236
77781
12246
225239
225249
421862
421865
421866
225259
421869
421870
225262
421873
77809
421874
77812
421877
225269
77813
225285
77836
77839
225297
77841
225300
225301
225308
225317
225320
225376
225379
225389
225392
61581
258261
258264
258266
258283
258286
61683
225540
29054
225683
61844
61849
225698
61863
225708
225714
225717
61877
61891
61898
61905
61915
61921
225762
61924
225765
61928
225769
225772
61934
61937
61941
61947
61950
29228
62062
62065
62069
62072
62076
62079
62083
62086
62090
62093
438926
62097
62100
438937
438951
438961
12981
438967
438970
381626
12987
381628
381637
13001
29388
29392
422609
13011
13017
13020
29406
439010
439013
78565
439017
439020
29420
29423
29431
275193
29434
29435
29438
13060
29445
13063
13067
13070
13077
29465
13085
29471
13088
78625
29474
78628
29478
275241
13098
29484
13101
78638
13102
29487
78641
78642
29501
29504
29505
29508
13135
13138
78675
13139
78678
13142
78679
78682
78730
29602
29605
29609
29612
29616
29619
29623
29626
422897
422900
267260
422910
422913
422914
422947
422950
422951
422954
103473
103478
78904
103481
103491
103494
103497
103529
103532
103533
103536
275573
275579
275589
78982
275592
275602
78996
275605
275608
275609
275612
275615
79010
79017
267438
267439
79027
79033
79036
267453
79040
79046
267463
79049
267469
267472
267484
275685
275688
275689
267498
275692
275693
267501
275696
275697
275700
267511
267514
267515
267548
267551
267552
267555
79149
79152
79156
79159
79163
79166
79170
382277
79173
267595
267598
79184
439634
267602
267605
439639
79191
439642
439652
79205
439655
439656
79215
79221
79224
439686
439689
439690
439693
79264
79267
79271
79274
275950
382451
439897
382587
382590
382600
382603
382613
382616
382617
382620
382621
382624
382687
382690
440035
382691
382694
382695
382698
382699
382702
276240
382745
276254
276264
276270
276273
276327
440190
382919
276464
276467
276477
276480
276483
276517
276520
276521
440364
276524
276564
276567
276571
276574
383093
260313
260384
383267
260398
260408
260414
260417
104785
260457
260460
260464
260467
260499
383431
383434
383439
383445
440795
383458
440809
383468
383478
440823
104959
383488
440833
260609
383491
383492
440839
383495
383496
440842
440843
383499
383502
260622
383503
440850
383506
260630
383513
383516
260636
440863
260639
383522
440869
440872
440876
440882
440885
260676
260679
260683
260686
105075
383604
105078
105088
105102
105105
105106
440985
383643
440988
383646
383647
440992
383650
440995
383651
105124
383654
383655
383658
383659
383662
441011
383669
441014
383672
383673
441018
383676
441021
105149
441025
105155
441028
105158
105159
441032
105162
441035
105163
105166
105230
105233
105237
105240
154397
154400
39712
154404
39720
39727
383792
383795
154422
39734
154425
383872
39830
383896
39833
383899
39837
383909
383912
383915
383946
383949
383950
383953
367870
343331
122150
122160
122163
122173
122176
122179
122210
122213
122214
122217
343463
368044
343468
40369
343481
40377
343484
343487
40391
122321
40401
40407
40410
343530
343544
343547
40450
343557
40453
343560
343561
40457
40460
335399
343597
343600
343601
343604
122425
122428
368194
368197
122438
122441
122442
368207
343635
343638
343639
343642
368222
335454
368225
368228
335468
368244
335478
335484
335487
368273
368279
122520
368282
368283
368286
368287
368290
335527
335530
335534
335537
155330
368348
368351
368355
368358
171765
343805
122694
171939
343979
122838
122841
122851
172008
122865
122868
172022
122871
65535
)


// ************************************************************************* //
