/*--------------------------------*- C++ -*----------------------------------*\
| =========                 |                                                 |
| \\      /  F ield         | OpenFOAM: The Open Source CFD Toolbox           |
|  \\    /   O peration     | Version:  v1912                                 |
|   \\  /    A nd           | Website:  www.openfoam.com                      |
|    \\/     M anipulation  |                                                 |
\*---------------------------------------------------------------------------*/
FoamFile
{
    version     2.0;
    format      ascii;
    class       cellSet;
    location    "constant/polyMesh/sets";
    object      twoInternalFacesCells;
}
// * * * * * * * * * * * * * * * * * * * * * * * * * * * * * * * * * * * * * //


408
(
57395
51
60
196672
64
74
196683
77
155726
196688
196691
83
196696
94
96
105
112
114
115
119
124
127
132
136
137
140
16565
4341
4342
4344
4345
78082
4360
4363
4367
4375
4423
349
53600
4451
4454
4455
4467
372
373
376
4476
381
4480
4481
78211
78213
78217
4510
4511
4512
4514
4515
4516
78249
29098
4527
4532
4534
29116
4541
78272
4544
4546
4552
29137
4561
78290
4565
29146
78299
4590
61937
156150
29190
29194
29198
29202
29203
29211
29212
29215
29217
29222
29225
29229
78383
29232
78394
29247
29250
29252
197197
78437
197234
160377
197250
197258
197273
197301
197303
197304
197305
29369
197307
160444
197310
160449
197314
197321
197322
197324
197329
197330
197331
160476
197347
160495
197362
160510
4865
197380
197382
197392
197394
197396
197408
197419
197428
78653
62296
78734
197548
30010
30024
116056
30041
30045
30046
30058
30116
30145
30161
30163
140765
30178
140782
140788
140797
140887
140905
140931
116383
140960
140979
116410
116416
140998
140999
116425
116435
116436
141019
141022
141031
141051
141054
141057
63268
63272
63277
141131
141139
116586
116590
141178
141180
141181
116606
116607
141190
116614
116618
141204
116630
141214
141218
116642
141221
141225
116651
141240
141241
141243
141245
116673
141250
116680
141262
141269
63449
141275
67548
141278
141298
194548
141304
141307
194556
141311
141312
194561
141319
141325
141328
141330
141332
194581
141334
141336
194587
141339
141345
141352
194602
194603
194605
194606
141358
194611
194613
194619
194620
194622
137348
137353
63657
137390
137391
137407
137409
137412
137413
137419
137430
142022
64249
64260
64273
64301
64315
64325
64339
64359
117738
39936
117765
39947
39956
39959
39973
52262
39974
39979
39980
39982
39984
117809
39991
39993
40009
64586
52305
117848
52320
117858
52323
117865
52330
117868
117879
117883
52348
40060
117890
52355
52359
117896
117899
117900
117901
117902
117904
117905
117908
40084
117917
117927
117933
117939
117957
117961
117962
117974
40152
40154
52449
117992
52471
52475
118018
118021
118025
118030
118031
52499
118039
118049
52516
118055
118061
118079
118095
167292
155128
118307
32303
32306
155203
32327
32334
155215
32340
32341
32342
32343
155224
32344
32348
32409
155290
155295
32435
155319
200411
155361
200441
16124
200446
155394
32515
32517
16133
16138
200459
155403
200463
200465
16146
200468
16150
32535
16151
53017
32540
200479
155428
155451
16191
155456
16194
32579
16204
32589
16206
16207
32592
155475
32598
16214
16217
16218
32612
32613
32616
32617
32634
32638
16258
32648
16269
16270
32658
16282
16287
32674
32691
32695
32704
32724
53216
53233
53242
)


// ************************************************************************* //
