/*--------------------------------*- C++ -*----------------------------------*\
| =========                 |                                                 |
| \\      /  F ield         | OpenFOAM: The Open Source CFD Toolbox           |
|  \\    /   O peration     | Version:  v1912                                 |
|   \\  /    A nd           | Website:  www.openfoam.com                      |
|    \\/     M anipulation  |                                                 |
\*---------------------------------------------------------------------------*/
FoamFile
{
    version     2.0;
    format      ascii;
    class       cellSet;
    location    "constant/polyMesh/sets";
    object      twoInternalFacesCells;
}
// * * * * * * * * * * * * * * * * * * * * * * * * * * * * * * * * * * * * * //


402
(
52227
27659
35854
35855
21519
27668
82965
35864
35866
17437
66592
17440
31777
35876
27684
66598
66599
35879
66601
35898
66619
35900
27708
66621
35901
83006
83007
35903
35904
35907
27715
35909
35910
35911
27719
35913
35917
27725
27726
27729
83027
48213
83035
48219
93285
83045
42086
93288
57448
57449
83050
48235
42095
42096
83058
42100
93301
83062
93305
48252
93309
93310
58496
48259
48260
83077
48261
48262
83080
83081
58518
98458
83099
77979
58524
48284
77981
83102
77982
98466
1188
48294
1190
1192
48297
48303
1223
48337
68830
4324
48357
17642
1258
1259
31980
48372
51447
1274
73989
73990
1294
1297
74007
74009
1307
1308
1311
3360
1312
1314
1316
51499
51501
74030
4398
17714
74037
51513
74043
22843
74044
74046
17732
22860
48461
17741
51539
36184
16729
66906
36187
22881
51555
22884
51559
51565
51568
51572
51582
6535
51592
31114
31119
51600
16785
91538
51603
51604
51610
65951
35240
51627
51629
16821
51638
51649
91586
51651
27075
27078
27080
83403
91596
91598
57807
27087
91602
27092
4564
57818
57820
83423
83430
91624
27113
91627
91629
66030
91631
83439
58865
91635
4596
27130
91643
51707
58877
16893
91646
58879
27135
27136
91654
91655
77322
51723
27149
51726
51728
16912
51729
91666
91668
77332
58900
77335
58903
51736
77338
51738
51739
27166
77344
27168
58914
77347
58915
16934
58919
35376
58931
58932
77370
26170
26171
98876
58940
26172
26173
35392
77378
98883
58947
98886
58950
26188
58962
26195
98901
26197
98903
26205
31330
98916
26213
77414
26214
98921
98922
50806
50807
50815
77446
50824
50832
50834
77459
50835
50836
77468
77471
77474
31397
77481
3767
99003
77499
31419
77503
3775
77504
706
710
77511
31431
27335
99016
3784
99017
27337
26313
713
27338
714
3787
77518
27343
4817
77523
4820
77526
77529
4827
77532
77533
31453
3810
4836
77541
77542
77543
3817
77546
31468
77551
3826
85748
83701
85750
77561
85755
77563
3837
83717
66309
83720
3851
85772
37644
85773
83726
85777
66322
3860
66329
83741
85793
83753
100140
60204
66350
85808
85815
66360
85819
85821
832
66373
840
85833
85839
85840
848
85842
41813
53080
3928
66393
41820
860
864
867
53093
870
876
877
879
881
53106
883
53110
41846
41847
66428
53118
37759
35715
53125
53127
904
35721
907
83852
41868
37774
35737
35740
35743
41890
37796
35750
37800
66474
17328
35765
66497
35779
35785
35786
17354
17355
35800
17375
35810
35812
32748
35823
66544
35824
35828
82938
52223
)


// ************************************************************************* //
