/*--------------------------------*- C++ -*----------------------------------*\
| =========                 |                                                 |
| \\      /  F ield         | OpenFOAM: The Open Source CFD Toolbox           |
|  \\    /   O peration     | Version:  v1912                                 |
|   \\  /    A nd           | Website:  www.openfoam.com                      |
|    \\/     M anipulation  |                                                 |
\*---------------------------------------------------------------------------*/
FoamFile
{
    version     2.0;
    format      ascii;
    class       cellSet;
    location    "constant/polyMesh/sets";
    object      twoInternalFacesCells;
}
// * * * * * * * * * * * * * * * * * * * * * * * * * * * * * * * * * * * * * //


280
(
57346
57350
57359
57361
57362
33
61479
61491
32823
94264
61512
61516
61517
57423
94320
94332
94335
94341
94343
26793
94418
73939
220
223
69865
94462
255
256
94465
257
61702
94471
94472
61704
266
74011
94554
74118
8592
8593
8594
8598
8606
86439
86476
74188
70098
94678
70106
74228
27130
18946
94727
86541
86546
86547
94744
86553
94748
94749
94752
18977
74274
18983
86575
94778
94781
27201
19014
94794
27210
27214
94801
55891
86616
94812
70236
55905
27233
94821
55909
86634
94828
86642
86643
55927
86654
55947
86668
86670
8846
94863
55953
94867
55955
55956
86678
55958
94871
94872
86680
55968
43683
60070
60071
60072
60081
60085
31416
94905
60093
94914
8900
31433
60112
31447
60124
60125
60126
8931
8945
31475
8952
31483
8959
8961
8966
8968
8969
8972
51982
8974
51988
52002
52005
52025
52030
52053
52056
52062
52065
52069
52074
64387
64391
64392
64409
64413
64417
64425
9134
64431
9140
9141
64440
64444
43971
64452
64456
43993
44037
44057
42015
44072
44089
31804
72813
3292
44259
3301
3318
3343
3357
3360
1317
1318
7466
3370
1323
7473
3380
3381
7481
3387
1339
7485
7486
3390
44356
1349
3404
1361
3410
1362
1363
1364
3414
3415
1367
1368
3420
44390
1382
7568
60831
15793
44503
44509
15838
15842
44517
15849
15850
22005
22006
15865
15867
15872
15879
15886
15888
15892
32280
44573
3615
22144
22169
104149
104153
73434
104155
22254
22271
22275
26377
22286
22287
22297
22298
22304
22306
22309
26420
26422
73544
10058
10093
10105
10111
10114
10115
55174
10119
10120
55178
55180
55185
55186
55187
10149
57254
57255
55208
10154
55212
57262
10161
10167
10170
10175
10177
10178
10180
10187
10188
10201
10207
10214
10217
57338
)


// ************************************************************************* //
