/*--------------------------------*- C++ -*----------------------------------*\
| =========                 |                                                 |
| \\      /  F ield         | OpenFOAM: The Open Source CFD Toolbox           |
|  \\    /   O peration     | Version:  v1912                                 |
|   \\  /    A nd           | Website:  www.openfoam.com                      |
|    \\/     M anipulation  |                                                 |
\*---------------------------------------------------------------------------*/
FoamFile
{
    version     2.0;
    format      ascii;
    class       cellSet;
    location    "constant/polyMesh/sets";
    object      twoInternalFacesCells;
}
// * * * * * * * * * * * * * * * * * * * * * * * * * * * * * * * * * * * * * //


408
(
8
25
113
114
118
134
135
137
141
151
161
162
164
29002
192853
29024
192865
29028
192869
192873
192874
82284
29038
29046
29047
29051
29052
37270
37277
37278
8624
37301
8629
37303
8632
37305
37311
37313
37320
82384
197074
37339
197086
197092
49663
549
560
29242
29252
29254
29256
589
29262
37456
29264
29266
598
197209
609
615
617
197226
197228
197230
197234
631
197243
176763
176768
641
642
197251
8839
197259
197263
8849
176790
197278
8864
8868
197288
197296
8880
8883
8884
8885
176822
8889
197307
197310
197319
197322
197333
197341
197343
197345
197347
197358
197359
197364
197365
197375
197389
9020
9023
9078
9090
9092
9099
9112
9115
9123
9130
9132
9153
9159
9160
9175
177145
177146
82945
82958
82961
181282
82984
82990
181306
181308
83004
181310
83015
181320
181322
181323
83029
181345
124018
124020
21659
181406
21667
1190
21671
1202
124088
21693
1216
124097
124100
124113
21717
1239
124120
1241
124125
1245
124128
124132
21732
21734
21744
124150
21754
124169
1292
1301
21782
21784
21790
124193
1313
1314
1315
1319
21800
21803
21806
21810
21812
21816
21828
124229
21833
21836
124241
124245
21851
21854
21855
181663
181699
181708
181716
161237
83414
181719
1500
161254
161263
161267
161269
161276
161279
161285
161287
161289
161290
161294
161296
181781
181782
181786
181790
181811
181812
181814
181815
87608
181817
181820
181821
181826
181833
181835
181839
181843
181844
181849
181861
165491
165498
83578
181883
165499
165503
181888
181891
165507
181892
165508
181899
165515
165518
181908
83621
83638
83641
83648
181964
177913
177920
83800
104465
104471
47127
161884
161921
161923
161928
161944
161948
161950
161958
161963
161965
161966
161971
161972
161975
161982
161988
47338
125181
47363
104738
47395
47415
47418
162148
162159
170362
47483
47495
162185
170380
47500
170384
170385
162197
170390
170391
162210
162213
162223
47537
47549
47551
35284
35299
35318
35319
35329
35335
31239
31240
35340
35344
35348
35355
35358
35359
35362
35374
35380
31284
31293
31301
31318
31320
31323
31324
31329
31352
170626
31362
170630
170644
170649
170652
170654
170656
170658
170664
170665
47979
52084
146335
146346
52158
15349
15359
15361
15363
15365
15370
15380
15383
15392
15395
15398
146547
56435
126080
150729
150741
150764
150781
191771
52620
52643
48547
52653
52673
52688
15866
142889
142892
142976
142979
143000
36520
36535
36553
36556
36562
36567
36657
36659
36664
36669
36672
36694
36696
36698
36706
192355
36707
36714
192374
36730
36733
192388
196487
192392
192404
196507
196508
192417
192420
192429
196527
192431
192435
192437
196536
196539
192444
196555
)


// ************************************************************************* //
