/*--------------------------------*- C++ -*----------------------------------*\
| =========                 |                                                 |
| \\      /  F ield         | OpenFOAM: The Open Source CFD Toolbox           |
|  \\    /   O peration     | Version:  v1912                                 |
|   \\  /    A nd           | Website:  www.openfoam.com                      |
|    \\/     M anipulation  |                                                 |
\*---------------------------------------------------------------------------*/
FoamFile
{
    version     2.0;
    format      ascii;
    class       cellSet;
    location    "constant/polyMesh/sets";
    object      twoInternalFacesCells;
}
// * * * * * * * * * * * * * * * * * * * * * * * * * * * * * * * * * * * * * //


593
(
311339
213038
213046
311353
311363
213060
311369
311372
311373
213070
213076
311383
213079
311389
311392
213104
213107
213147
213150
213154
213157
311572
311575
311579
467229
311582
246046
467239
311592
311595
467245
311599
311602
467255
467258
467268
467282
467285
467288
467289
467292
467295
467329
467372
467378
467381
467382
467385
467386
467389
467390
467393
467394
467397
246290
467476
467479
467483
467486
246304
246318
246321
246331
246334
246337
246338
246345
426580
246370
246376
246379
620
246383
246389
246392
246408
246411
246412
246415
131772
246509
246512
246516
246519
246523
246526
246530
246533
426802
426805
426815
426818
426819
426852
426855
426856
426859
156524
156528
895
156549
156552
909
919
925
928
968
971
975
978
328663
328671
328674
328684
328687
328688
328721
328724
328725
328728
132122
132231
132244
132247
132248
132251
132261
132271
132284
132296
132299
132300
132303
156901
132352
132355
329404
26430
460608
460654
460657
460667
460670
460673
460704
460707
460708
460711
329712
329717
329730
329733
329736
329770
329773
329774
329777
26780
26926
26929
26939
26953
26956
26957
272734
26975
27000
27006
27009
27010
27013
27014
27017
27081
27084
27088
27091
297447
297458
297461
297471
297474
297475
297511
297514
297515
297518
297635
297638
297648
273084
273185
273199
273202
273212
273215
273216
273219
273244
273250
273253
273269
273272
273273
273276
273334
273337
273341
273344
60437
60444
60447
60457
60460
60463
60494
60497
60498
60501
347347
347380
347383
347407
347410
60973
60981
60984
60994
60997
60998
61031
61034
61035
61038
61070
61106
347835
61120
347841
61130
347854
61136
347857
347858
61139
347871
347883
347886
61177
61180
61184
61187
347917
347920
430285
430293
430296
430306
430309
430312
119018
348415
430343
430346
430347
430350
348493
348506
348509
348510
348523
348535
348538
119368
348746
348770
348773
348783
348786
430708
348789
78507
78518
373437
348864
348867
348868
348871
348902
348905
389878
389913
389916
389926
389929
389932
389963
389966
389967
389970
389995
390006
390020
119718
373736
373750
373760
373766
373769
78867
78874
78880
78883
373810
373813
373817
373820
308294
78923
349261
78926
78930
78933
308398
308401
308411
308414
308417
234714
390370
308451
308454
308455
308458
234732
120051
234742
120056
234745
390403
234755
120070
234762
234771
120083
234774
120096
431393
120109
120112
120113
120116
234805
120117
234808
120124
120134
120144
120154
87387
120160
120163
120167
120182
349571
120197
349574
120203
120206
120207
349584
120210
349587
120211
349590
120214
349624
349627
349628
431551
349631
431554
431564
431567
431577
431580
431583
431584
431587
431588
390651
390661
390667
390670
120341
120344
120348
120351
120355
120358
120365
120368
120375
120378
120382
120385
390754
292455
431739
95868
431742
292478
431743
431746
292482
431747
87684
431750
431751
431754
292492
292495
87698
292499
87708
87714
87717
292532
292535
292539
292542
87782
390998
391001
391011
391014
391015
87927
87930
87940
87943
391048
87944
391051
391052
391055
96154
96168
87977
87980
87981
87984
96178
391095
96184
391098
96187
391102
391105
88024
88027
88031
88034
96227
96230
96234
96237
96246
88100
88105
88109
88129
88132
415824
415832
415835
415845
415848
415849
415885
415888
415889
415892
268449
268459
268462
415923
268472
415931
268475
268476
415934
415944
415947
415950
268509
268512
268513
268516
415984
415987
415988
415991
96551
96564
96567
96568
6468
96581
96593
96596
6490
6493
6503
6506
6507
96627
96630
6540
6543
6544
6547
244241
244246
244250
244270
244273
6907
465746
39778
465887
465896
465899
465909
465912
465922
465925
465928
465929
465932
465933
7217
7220
7230
7233
7236
465996
465999
466000
482385
466003
466004
466007
466008
466011
40031
7267
7270
7271
7274
40045
40055
40061
40064
40104
40107
40111
40114
466380
310744
48674
245346
48773
48787
48797
48803
48806
212670
48848
48851
48855
48858
311008
212752
212755
466730
311108
425800
425801
425815
425817
483196
245696
)


// ************************************************************************* //
