/*--------------------------------*- C++ -*----------------------------------*\
| =========                 |                                                 |
| \\      /  F ield         | OpenFOAM: The Open Source CFD Toolbox           |
|  \\    /   O peration     | Version:  v1912                                 |
|   \\  /    A nd           | Website:  www.openfoam.com                      |
|    \\/     M anipulation  |                                                 |
\*---------------------------------------------------------------------------*/
FoamFile
{
    version     2.0;
    format      ascii;
    class       cellSet;
    location    "constant/polyMesh/sets";
    object      twoInternalFacesCells;
}
// * * * * * * * * * * * * * * * * * * * * * * * * * * * * * * * * * * * * * //


3141
(
7
442376
442379
237583
15
20
442389
442392
466977
442402
442405
442406
466983
442409
466986
442410
442413
49
52
467011
467014
467018
467021
467022
237647
467025
467026
467029
467030
467033
467034
467037
442476
442479
442480
442483
442484
442487
442488
442491
237711
237759
237762
467146
237772
467149
467153
467156
237786
237800
467184
467187
237814
467191
237817
467194
237827
237830
237840
237843
237853
237867
237870
303407
237871
237874
237877
237878
237881
303418
237882
303421
237885
303424
237888
237889
303427
237892
237895
237896
303437
303440
303443
237923
237930
237937
303481
303484
303494
303497
303498
303501
237989
303540
16832
238030
238036
238039
238043
238049
238052
238056
238062
238065
303605
41463
16896
238114
238120
238123
238124
238127
238128
238131
238132
303669
238135
238136
238139
238140
238143
575
238144
238147
238148
238151
238152
238155
238156
238159
41557
41571
41581
17010
41587
41590
238199
238202
238206
639
238209
41629
41632
41636
303781
41639
17074
303805
703
303808
303809
303810
303813
303823
303837
303840
303850
303853
303856
303857
17138
303860
303863
767
303890
17202
303924
303927
831
303946
303952
303955
181085
238430
238433
303971
238437
303974
303975
238440
303978
303979
238444
303982
303983
238447
303986
271218
17266
238451
238454
238458
238461
895
238465
238468
238490
238493
181149
238497
271266
238500
74668
17330
959
41933
304080
304083
304087
304090
181213
41949
271330
74727
181227
74735
17392
74737
74740
74741
181241
17402
181244
271357
17405
1023
271360
181249
17411
181252
41989
271368
181259
17421
271378
17431
17434
181275
74779
271388
74782
271391
74783
271392
181281
74786
271395
222243
181284
17444
271398
271399
181288
271402
271405
181294
17454
181297
17457
123959
181307
17467
181310
17470
1087
123973
42053
17480
17494
123992
123996
271454
222304
222307
124004
17508
222309
17511
222312
17512
222313
17515
124014
17518
17519
124017
17522
124020
17525
17526
124024
17529
124027
124028
17532
17533
1151
17536
17540
42117
222343
17543
222346
17546
222347
17547
222350
17550
181392
181395
181399
181402
124060
271518
181406
181409
181413
181416
124081
124084
124085
124088
124092
124095
1215
42181
148685
271582
419042
124139
124142
17649
17656
1279
42245
148749
271646
419106
296244
1343
42309
148813
271710
419170
17762
17768
17771
17775
296308
17781
17784
17785
17788
17789
1406
173439
17792
17793
17796
42373
17797
173447
17800
17801
17804
173453
148877
17805
17808
17809
1425
17812
17813
1429
173463
17816
173466
173467
1435
189852
17820
271774
1438
17823
17824
1441
419234
17827
17828
17831
17832
17835
1455
148913
189875
296372
1465
1468
148927
189889
173505
173508
173509
42437
1478
173512
189899
148941
148944
1488
189905
1491
189908
42454
148954
148957
1501
271838
419298
42467
42470
148967
148970
42474
148971
1515
148974
148975
148978
296436
148981
173559
42488
1529
42491
189948
148988
189951
189955
1539
42501
189958
1542
42511
1552
42525
1565
271902
419362
149031
42538
1579
149037
149040
296500
149044
1589
42552
149050
149053
1599
1602
173638
42566
173641
1612
1615
42576
173651
173654
1622
190040
296537
173657
1625
296540
149084
1628
1629
271966
42590
149087
149088
1632
271969
419426
149091
1635
271972
149092
1636
296550
149095
1639
149096
42600
1642
149099
42603
1643
173677
271982
42606
1646
42607
1647
18032
271985
42610
1650
296563
18035
1651
42613
296566
1654
18039
1655
42617
18042
1658
271995
42620
1661
18046
1662
42623
296576
42624
18049
1665
296579
42627
42628
1668
18053
1669
18056
272009
1674
1675
272012
1676
296589
42637
1679
42640
1680
42641
149139
1683
272022
1686
190104
1690
296603
296605
296608
272032
419490
296611
296612
296615
296616
1705
296619
296620
1708
173741
272046
296623
272049
296626
296627
42678
272059
42685
272062
296645
42695
272072
42702
173777
272083
149203
272085
272087
272090
272093
173789
272094
272097
419554
272098
42724
272101
272102
173799
272105
173802
173803
272108
296685
272109
173806
1774
272112
173809
173810
272115
296692
272116
1781
272119
272122
272123
272126
272129
296711
190216
149267
42773
173849
1818
42779
173852
173853
42782
173856
419618
1828
296756
296762
42810
296765
42816
296770
42819
296773
296774
42823
190280
296777
296778
296781
296782
296785
296786
173907
149331
272212
296789
296790
173910
42838
272215
173911
272216
296793
477018
296794
173914
272219
173915
272220
42844
296797
173918
272223
42847
272224
173920
419682
272227
42851
272228
272231
42857
42860
42873
42879
42882
190344
272268
42892
42895
42896
477073
149395
42899
477076
42900
477078
42903
42904
477081
42907
42911
444320
419746
42914
42915
42918
42919
42922
42923
42926
272305
42933
42936
477113
477116
477117
1982
477120
190400
1988
190405
1991
1995
190412
2001
149459
2004
272342
190424
444384
190434
419811
296931
190437
296934
190447
2032
190450
165874
419830
296953
296956
190460
2047
296960
296963
419844
272388
2053
2056
190473
272394
190476
272397
419858
149523
190486
444448
419872
165922
190499
190502
272425
190505
190506
190509
419886
190510
272431
190513
272434
190517
2102
190520
2105
2106
190523
419900
190524
2109
2110
190527
2113
190530
2114
190531
2117
190534
2118
190535
419913
2121
190538
2122
2125
2126
2129
2130
419923
149587
272468
2133
419926
2134
2137
272474
2138
75868
272477
2141
2142
444512
419936
2145
165986
2146
2149
2150
272487
2153
272490
2154
272491
2157
419950
272494
2158
272495
2161
272498
2162
272499
2165
272502
2166
272503
2169
272506
2170
272507
419964
190589
2173
444542
272510
272511
2177
272514
272515
166019
2180
272518
166022
272519
166025
419978
272522
272523
272526
272527
2193
272530
272531
166035
149651
419988
2196
2197
272534
166038
419991
272535
2200
272538
419995
75932
419998
166048
420001
420002
420005
420008
166058
444587
166061
166062
420015
272561
166065
166068
166069
420022
166072
166073
420029
43198
166079
43201
420036
43205
149703
75976
43208
420043
149707
149710
420050
43221
149720
43224
75994
190683
149723
43228
75997
43231
43235
149733
43238
76007
149736
76010
444651
223467
43245
43248
272625
76017
149746
76020
43252
149749
76021
43255
76024
420090
76027
43259
76028
43262
149759
76031
76032
420097
190722
43266
190725
43269
190726
420104
190729
149769
190730
149772
43276
190733
190734
420111
43279
190737
43283
190741
149782
43286
190744
420121
272665
190745
149785
190748
190749
420126
190752
420129
190753
166177
149795
444708
190756
166180
420133
190757
166181
149798
190760
166184
190761
166185
223530
420139
190764
166188
444717
272685
190765
166189
420142
444720
272688
190768
166192
149808
166193
420146
166196
420152
166200
444730
272698
420155
166203
272701
272702
149822
420159
272705
149825
149826
444740
272708
420165
149829
149830
420168
149833
420172
149836
149837
76111
149840
149841
444754
420178
76114
76115
149844
444757
420181
444758
76118
149847
76119
149848
444761
420185
76122
149851
76123
444764
149852
444765
76126
420191
149855
76127
444768
420194
149858
76130
444771
149859
420198
149862
444775
149865
149868
149871
149874
444789
149878
272763
223611
272766
444799
272767
223615
444802
272770
272771
223620
444806
272774
444809
444812
444813
420237
223630
420243
223635
420246
223638
223640
223641
420250
223647
420256
420259
420263
420269
420272
190898
166323
420276
190901
444858
420283
420284
2492
420287
2495
420291
2499
420294
2502
420295
444874
420298
2506
420299
2509
420302
420303
2513
420306
2516
223708
223711
223713
2529
223716
2532
223720
223723
2539
2542
150001
2546
166387
2549
313863
444941
387602
2578
444947
444950
444951
444954
444955
444958
444959
444962
444963
444966
444967
444970
444977
166451
2613
444983
2617
444986
2624
313927
445005
2638
445008
445009
387666
445012
445013
445016
2648
2651
2655
2658
313956
313959
445039
313969
166515
313972
313982
313985
2689
150146
313988
313989
273030
2695
313992
150152
273033
2698
313995
150155
150156
273037
150159
273040
150160
150163
150164
2708
150167
2711
150168
150171
2715
150172
273053
2718
150175
273056
150176
150179
273060
150180
273063
150183
150184
150187
150188
445103
150191
150192
166579
150195
150196
273079
150199
150200
273082
150203
150204
273086
150207
150208
273089
150211
150212
150215
314059
150219
314062
150222
2766
314063
2769
314066
314067
2773
314070
314071
166615
2776
314074
166618
166628
166631
445167
166641
166644
166654
166657
51978
166667
166681
51994
166684
166687
166688
166691
166692
166695
166698
52010
166699
166702
445231
52015
166705
117554
166708
150328
150331
52030
150335
52033
150338
117570
150342
150345
273227
52043
150349
52046
150352
117586
52056
420708
52069
420710
52072
420714
52075
52076
420717
445295
52079
52080
420721
166769
52083
420724
52086
52087
420728
420731
420735
420738
420742
445321
420745
117642
273291
420749
445326
420752
445332
420756
420759
420763
420766
404385
445346
420770
445349
420773
52135
420777
420780
445359
420784
420787
420791
445369
420794
166845
445379
166851
166854
166855
420810
166858
117706
273355
166859
445389
420813
166862
166863
445392
445393
420817
166866
166867
445396
420820
445397
166870
166871
445400
420824
166874
445403
420827
166875
166878
445407
420831
166879
445410
420834
166882
166883
445413
420838
166886
445417
420841
52201
404458
445420
404460
420845
445423
445424
420848
420852
445430
420855
404472
117754
420859
404475
404476
117757
117767
117770
273419
117780
117783
404508
404511
404512
150560
117793
404515
150563
117796
150567
52265
150570
117806
109615
117820
117823
117824
117827
117828
117831
117832
273483
117835
117836
117839
117842
117845
167010
273507
167013
273512
167017
52329
273515
167020
273525
273535
109698
445571
109701
445574
445575
445578
445579
273549
445582
445583
109711
445586
117906
109714
445590
445593
445594
273563
109723
109724
445597
109727
109728
445601
109731
445604
445605
445608
445609
273577
52393
445612
273580
273583
273587
273590
273593
52421
52429
52432
273624
117976
109786
52442
109789
52445
117982
109790
273631
117985
109793
117986
109794
52452
117989
109797
273638
117990
109798
52455
117993
109801
117994
52458
117997
117998
52462
118001
118002
118005
118006
52472
118009
118010
52475
118013
118014
118017
52485
52488
273678
52498
273684
52501
52502
273687
52505
52506
273691
52509
52512
273697
52515
273700
52516
273704
52522
118060
52525
273710
52526
273713
273714
273717
273718
273721
273725
445760
273728
273729
445763
273732
445767
445770
445774
445777
445781
445784
118124
118156
118159
52628
52631
52632
118169
52635
52636
52639
52640
52643
52644
118183
52647
52648
118186
52651
118189
118215
273886
273889
273893
273896
273900
273903
273907
273910
273914
273917
273921
142850
273924
118279
52766
52769
52770
52773
142914
118343
52816
52819
52820
52823
52824
52827
142940
52828
142943
52831
52832
52835
52836
52839
142953
52843
142956
52846
52847
52850
142966
142969
142970
142973
142976
142977
118407
118436
118443
118453
118456
143040
118466
143043
143044
118469
143047
143048
143051
143052
143055
118479
118482
118492
118495
118498
118499
118502
118505
118506
118509
118510
118513
118516
118520
118538
53015
53018
118563
53031
118569
200491
118572
200493
118573
118576
200497
118577
118580
200508
200511
200514
200543
200546
200547
200550
53095
233341
53159
118704
118707
118708
118711
118712
118715
118716
233405
118719
118720
118723
118724
118727
118728
118731
118735
118738
53223
233469
184317
53248
53257
53260
53270
53273
53283
53293
53296
53297
184372
53300
184375
53303
53307
233533
53310
53313
53314
184388
184391
184398
118874
118877
118881
118884
184427
184430
233597
200865
53410
53413
53414
405671
53417
53418
53421
53425
53428
53429
53432
53433
53436
233661
118990
118993
118997
119000
405725
200929
143594
78061
233725
233753
233756
200988
405789
200991
201001
233770
143658
201004
78125
389428
233780
201014
201019
201022
201025
389442
233794
201026
201029
389447
201032
389450
233808
389457
233811
389460
389461
45398
405853
233821
45405
389470
233824
45408
143713
389477
201063
233834
45418
78189
45421
143727
45424
389493
233848
389499
233851
143740
389502
233854
233855
143745
233858
233859
143748
143749
233862
233865
233866
201100
143756
389520
233872
45456
201105
225682
389523
45459
389524
201108
45460
201109
143766
389527
45463
201112
201113
143770
201116
405917
201117
201120
143776
389538
143779
233894
143783
201131
233901
119215
201139
201142
143798
143803
143806
201152
201155
78275
37315
201156
389573
332233
78282
389581
78285
389582
389586
233938
225746
389589
332246
78295
332249
78298
405981
233954
332259
78308
201189
332262
332263
233960
201192
201193
233963
201196
78318
119279
78321
37361
78324
37364
78325
233976
78328
37369
78331
37371
78332
233982
78335
233985
78339
233989
332299
233995
143885
332302
233998
332303
143888
332306
225810
143892
37398
143895
37401
143899
406045
143902
389663
389666
143909
389670
201254
143912
389673
201257
389677
119343
389680
234032
234038
234041
234042
234045
234046
234049
234050
234053
234054
234057
234058
234061
234062
78414
234065
225874
406099
389721
389724
406113
406125
119407
406135
406149
406152
78478
406162
225938
406165
406175
406178
406188
406191
119471
406201
225979
406204
406209
406212
225990
406215
406216
406219
406220
225997
78542
406223
226000
406226
406227
406230
406233
226010
406236
406237
406240
406243
226020
406246
406247
226030
119535
226033
226043
406269
226056
78606
226068
226071
226072
234267
226075
234270
226078
119583
234274
226082
119586
234277
226085
119589
226088
226089
234284
226092
234287
226095
119599
226096
119602
234291
234294
226102
226105
234298
119612
234301
119615
234305
234308
119625
119628
78670
406351
234324
406357
119638
234327
406360
234331
234334
119648
406373
78693
406379
406382
119662
119665
119666
78707
119669
226166
119670
119673
119674
119677
119678
226176
78720
119681
78723
119684
119687
119688
119691
78733
119694
234388
78743
78746
78756
78759
78769
78772
406454
78776
406457
406458
78779
406461
406462
78782
78783
406465
406466
78786
406469
78789
406470
78790
406473
78793
406474
226250
78796
406477
78797
406478
78800
406481
406482
78803
406485
406486
234454
406489
226265
406490
406493
406494
226271
406497
119777
226274
226275
226278
226279
226282
226283
226286
226290
226293
226294
226297
226298
226301
226302
226305
226306
226309
226313
226316
234518
234536
234539
78897
308275
78900
234549
78901
234552
78904
234553
78905
234556
119868
78908
78909
259135
234559
78912
78913
119874
111682
78916
119877
119878
78920
234569
119881
119882
78923
234572
119885
119886
119889
119890
78930
119893
234582
119894
234585
119897
234586
119898
234589
119901
234590
119902
234593
119905
119906
119909
119910
119913
119914
111722
119917
111727
111730
308339
406661
406664
259210
406668
259213
406671
226448
111760
259218
226451
111763
259220
406678
111767
406681
226458
111770
185499
406685
226461
406688
226465
234659
226468
79012
234662
234663
234666
259249
308403
259251
259252
259255
234697
234700
234701
234704
185552
234705
185555
234708
234709
234712
79078
79081
79085
185582
79088
185585
79089
308467
79092
79093
79096
79097
79100
79101
120062
79104
120065
79105
79108
120069
79109
120072
79112
79113
79116
308531
202049
308595
202113
79264
79267
308651
308671
202177
308674
308684
308697
308700
38364
308710
79334
308713
38382
38384
308723
38387
415232
308737
308740
202248
38409
38410
38413
308750
308753
308763
308766
308769
415266
308770
308773
308774
79398
308777
308778
308781
308784
415281
308785
308788
308789
308792
308795
415292
308796
308799
415298
415301
308817
202330
202334
79454
202337
79462
202347
415341
79471
415344
415348
415351
308857
202361
202364
79484
202374
79494
202377
79497
202380
202381
202384
202387
79507
202388
79510
79513
79514
79517
79518
202400
79521
202403
79524
202407
79528
308915
202425
79580
308960
308966
308969
202494
79616
79619
202500
79620
202503
79623
309000
79624
309003
79627
309004
79628
309007
79631
309008
79632
309011
79635
309012
309015
202519
309016
202522
309019
202523
309020
202526
309023
202527
309024
202530
309027
202531
309028
202534
309031
309032
309035
309036
309039
309040
202544
309043
202547
202551
202554
79690
79693
309075
79713
202605
472949
79753
309139
202669
473010
473013
473016
473026
473031
79817
473034
473035
473038
309203
202733
309232
309235
309245
309248
473090
473093
473094
473097
79881
473098
309258
473101
333848
309272
309275
309278
309279
309282
309285
202797
79945
309328
80009
309392
202909
112798
186534
80073
309456
202973
112862
186598
80137
309520
203037
112926
186662
260397
80201
309584
186707
203101
186717
112990
186719
186729
186732
260461
203125
186742
203128
186745
309626
203131
309631
309634
186755
186758
203144
80265
309644
186766
309647
186769
186772
186773
203158
186776
309657
203161
186777
309660
186780
186783
186784
203171
186787
186788
309670
186791
260525
203181
309680
203184
80305
80310
203194
80317
309694
309697
309700
203204
309701
309704
309705
80331
309708
309711
309712
203217
203220
80341
309718
113110
80344
309721
309724
203230
113118
203233
113121
203234
80354
203237
203240
203241
113131
203244
80364
260589
203245
113134
80367
203248
203251
203252
203255
113144
80377
203258
309755
203259
113147
80380
203262
203263
203266
203267
113157
203270
80390
203279
113172
80404
113175
113176
203289
113179
113180
186910
113183
186913
186914
80418
113187
186917
80421
309798
186918
113190
186921
113193
186922
309804
113196
260653
186925
186926
309807
113199
80431
309808
186929
186930
113202
309811
309812
268852
39476
186933
186934
309815
309816
186937
186938
309819
309820
186941
80445
309823
80448
80451
80452
80455
80458
80459
80462
80463
80466
80467
80470
80473
80474
203356
80480
80483
80484
80490
260717
80493
268916
309884
203396
203411
39576
203417
39579
203420
260781
39597
113328
39600
268978
113331
113332
268981
113335
113336
113339
268991
113343
80575
268994
113346
113347
309957
113350
80582
113351
113354
309963
113355
269004
309966
113358
309967
113359
203472
309970
113362
309971
269011
309974
269014
309975
260823
269017
309978
269018
260826
309979
80604
269021
309982
269022
309983
309986
309987
260836
309990
309994
203499
309997
309998
203502
203503
310001
260850
203506
203507
203510
203511
203514
203515
203518
80638
203519
260864
269058
203522
203523
80644
203526
203527
80647
203530
203531
260878
203534
203535
203538
203539
56085
203542
203543
203546
260892
260895
269092
260905
269098
260908
269101
260909
269102
260912
269105
260913
269106
260916
269109
269110
269113
80714
260940
416591
80720
260947
80723
80727
260954
465755
80733
80736
260961
465762
465765
465775
465778
465779
80755
269177
80761
260986
203643
269180
80764
260989
80765
203646
80768
80769
203650
80772
203653
80773
80776
80777
80780
80781
310158
416655
261008
80784
310161
80785
465811
80788
80789
465814
261014
465815
80792
56216
261017
80793
465818
56219
80796
261021
80797
80800
261027
310180
80804
56229
261030
310183
80807
80808
56232
261034
416683
310187
80811
56235
416686
310190
80815
261040
80818
261043
261047
416696
416699
261053
416702
39870
261056
39878
416712
416720
261072
56274
416723
261075
261076
39892
56277
56278
261079
261080
56281
261083
261084
416733
80861
39902
261087
416736
416739
56292
39908
39911
56303
56306
416758
56316
56319
56320
416775
416778
416779
416782
39951
39954
39958
39961
80925
56356
56359
56360
56363
416813
416816
416817
416820
203840
203843
203850
203853
203857
310356
203860
80980
441429
310359
80983
310363
310366
416864
80993
80996
203882
203885
81006
81009
81012
81013
81016
81019
310418
441493
310421
310425
15513
310428
416925
261283
261286
15529
261296
261299
261303
15543
261306
261310
81086
261313
81089
81090
261317
81093
15557
81094
261320
15560
81097
81098
15563
261324
81101
261327
261331
441557
15573
261334
261338
416989
261341
15583
261345
15586
261348
15596
15599
15602
15603
15606
15609
15610
15613
15616
441621
417102
15715
15718
15719
15722
15723
15726
15727
15730
15731
15734
15735
15738
441733
466317
417166
81327
81330
441782
81334
15799
81337
417210
441789
417213
417223
15815
441800
466381
417237
81365
441814
81368
15832
441817
15835
81372
81375
441827
417251
81379
15845
417254
81382
15848
81386
15851
81389
466416
417264
441841
417267
441844
417268
466422
417271
81399
417274
81402
417275
441854
81406
466432
81409
15873
15876
441868
417293
466446
466449
466450
417300
15892
441878
15895
15896
441881
15899
441885
441888
441891
441892
441895
441898
441899
441902
466487
417340
15934
15937
417346
441924
417349
417353
237133
417359
417362
441946
417378
237155
417381
417382
417385
417386
417389
417390
417393
237169
466551
237179
441980
237185
441986
237188
441989
237199
442008
442014
442017
442036
466615
442042
442045
442055
442058
442062
237263
442065
442066
442069
442070
442073
442074
442077
442078
442081
417511
417514
417518
417521
417525
466679
417528
417532
417535
237327
466741
466755
466758
237391
466768
466782
466792
466795
466805
466808
466812
442238
466815
442241
466818
466819
442245
466822
442248
466825
466826
237455
442258
442261
442265
442268
466845
442278
442281
442285
442288
466873
466879
466882
466883
466886
466887
466890
237519
466909
442334
442366
)


// ************************************************************************* //
