/*--------------------------------*- C++ -*----------------------------------*\
| =========                 |                                                 |
| \\      /  F ield         | OpenFOAM: The Open Source CFD Toolbox           |
|  \\    /   O peration     | Version:  v1912                                 |
|   \\  /    A nd           | Website:  www.openfoam.com                      |
|    \\/     M anipulation  |                                                 |
\*---------------------------------------------------------------------------*/
FoamFile
{
    version     2.0;
    format      ascii;
    class       cellSet;
    location    "constant/polyMesh/sets";
    object      twoInternalFacesCells;
}
// * * * * * * * * * * * * * * * * * * * * * * * * * * * * * * * * * * * * * //


1183
(
10
61509
168042
168045
188527
209013
188538
168059
188545
188548
168069
168075
188558
168078
225428
61589
200854
188572
61597
188575
188576
61600
209059
73893
209062
225447
61610
73899
225454
209072
225457
188594
209075
209078
168118
61623
73912
168121
61626
225467
73915
73916
168125
61629
225470
61630
168128
61633
94402
94405
225478
225481
73929
188619
225484
225485
94413
225488
188625
61649
225491
188628
209109
188629
73941
209112
188632
73944
209113
188633
94426
209116
188636
94429
94432
61677
73975
61689
73978
61692
61693
61696
61697
61700
94469
94472
94473
225546
94476
225549
225550
225553
225554
200980
225557
225558
200983
225561
188698
188701
200993
188705
200996
188708
94502
200999
94530
94533
201030
201033
201034
201037
94543
94546
94547
201045
201050
201053
61789
201063
201066
201069
94580
94583
94584
94587
201100
201103
201104
209297
201107
61875
94662
209383
131579
94723
61961
225809
94737
209426
94747
209440
94753
61986
225827
209443
94756
61989
209453
74286
61999
209456
225841
209459
209460
225851
62012
225857
225860
74308
62026
94796
62029
62030
94799
209488
131665
62033
94803
74323
62036
209494
94806
209497
74333
74339
62052
74342
209513
225900
209516
209517
62062
225903
209520
74353
225907
74356
225910
74361
230013
74374
62087
74377
74380
62102
62108
62111
62112
230051
62115
209572
62116
230054
209575
131751
62119
62120
209579
62123
209582
74414
230064
53936
74417
74418
230067
53940
74421
230070
111310
111312
111320
230107
111323
230110
74462
230111
74465
230114
62178
74469
62181
74472
156410
131837
156422
156425
131858
156435
156438
156441
131869
131872
131882
74544
123698
131896
123706
156475
131899
156478
111422
156479
123711
156482
62275
131909
62278
62285
62288
131923
74579
62292
131926
74582
131927
62295
131930
123738
131933
123741
131934
82783
74592
123745
74595
74598
131953
74629
131975
74632
74633
74636
111508
132006
132012
111532
132015
111535
82869
111549
46015
132034
111559
132040
111562
132043
132044
111565
132047
132048
111569
132051
132052
132055
132056
82904
201689
132059
82907
82917
111600
82931
111606
82934
82935
201720
111609
123901
123904
111619
201734
111622
123911
111623
82953
123914
111626
123915
201744
46101
201750
201753
82978
46119
82984
82987
82988
123951
82991
82992
123954
123955
82995
46133
123958
201793
201796
132165
201800
132168
201803
132172
111694
132175
46168
132185
132188
132192
132195
230502
83059
83062
230519
230522
83066
83069
230532
230535
230536
111760
111763
111780
230569
230572
230573
230576
111799
111805
111808
38085
38088
38093
206040
38113
38116
206072
111866
230653
111869
111873
111876
206086
206096
206102
46359
230680
206105
230683
46366
95519
230693
230696
46376
230697
21804
46382
111919
46385
111922
46389
111926
111929
46395
46398
206145
206148
46405
206152
21832
46410
206155
230733
46413
230736
230737
230740
169323
54636
95598
95601
95611
169342
95614
95617
54658
169347
38287
54672
169361
21908
189848
54682
21916
189855
169375
95648
54688
189858
95651
54691
21923
95652
21924
169382
95655
21930
214444
189868
230829
21933
189871
46511
169392
21937
189874
46514
230836
214453
169398
46518
230839
169401
46521
169405
46525
46528
230849
214467
169411
230852
46532
169414
230855
46535
54731
214477
54734
46542
189904
46544
54738
214483
189907
189908
46548
54741
214486
189911
46551
157147
46562
214500
230886
230889
46569
21993
230890
46572
21996
230893
214510
22000
214513
22003
46582
22007
46585
22010
214523
157179
46588
214526
157182
214529
157192
157199
169490
157202
169493
157205
169497
157209
46619
169500
46622
46623
169504
46626
214563
169507
214566
214567
169511
214570
169514
214610
214613
214617
214620
157279
38505
157301
157307
91771
157310
157311
157314
157321
87690
157324
91793
91796
38550
91810
87714
38563
91813
87728
38577
38580
38581
87738
38591
157376
87744
157379
87747
38601
157389
157392
149208
38616
38622
38625
83682
38626
38629
87787
87790
87794
87797
149286
38696
38699
38706
38709
83768
38713
149308
38716
149311
149321
149324
83794
149334
149337
149340
149341
83807
149344
149347
83821
83824
83825
190329
83835
169864
83848
83863
83869
83872
83873
149411
83876
149414
149415
149418
149419
149422
149423
149426
190397
169917
169931
169941
169947
239582
169950
239585
83937
239587
83940
83947
83950
83954
239604
83957
239607
149503
169990
169993
215050
149516
169997
170000
149527
149541
149544
149554
149557
149558
149561
67661
149589
149595
149598
215136
67691
215150
149614
67694
149617
149618
190581
149621
215158
67704
215162
67707
67710
215172
215182
215185
215189
215192
215195
92315
67741
215199
92320
67744
67745
67748
149673
190636
149676
149680
92338
149683
190650
190660
190666
149706
239821
190669
190670
149716
149719
190680
190686
215265
190689
149729
215268
149732
149735
215272
215275
215276
215279
215283
166131
215286
239865
166138
166150
239879
149769
149772
149773
186638
166158
149776
239889
186641
166164
239895
166167
239898
186656
190761
190764
117036
190768
190771
117043
117046
166203
190781
166206
190784
117056
239938
166210
117059
190788
117060
239941
166213
190791
239945
239948
170316
170326
190810
170334
215396
170344
117096
190825
215403
170347
117099
117100
215406
190830
117103
170357
215416
170360
170361
215419
190843
170364
170365
215422
190846
170368
190849
186765
117134
158096
117139
158107
117147
215453
215456
215457
190883
215460
190886
190887
117160
158121
190890
117163
117166
158131
170422
170425
158137
170426
158140
170429
170430
170433
186818
170434
186821
170437
117203
186838
117206
117207
186841
170457
117210
158180
158183
170474
158187
170477
158190
170487
170490
170493
170524
170527
170528
170531
92787
47745
47750
170632
47764
47774
92831
47780
47783
170667
92845
170670
55982
101040
92855
170680
170683
170684
92861
92864
105157
101062
47823
47826
47830
47833
101090
101093
92904
56042
92907
101103
92911
92914
56055
56058
56059
101117
170750
101120
101123
56072
117523
101139
56084
56087
105243
101164
105266
101170
105269
101173
101174
56118
101177
56121
101178
101181
105279
105282
105285
56135
56145
117593
56154
105307
105312
105315
56168
105331
117621
56181
35701
105334
105335
56184
56185
105338
35708
101245
35711
101248
56192
101252
101255
117640
35721
35724
117647
35727
101264
56208
117650
117654
56214
56217
117660
56221
117663
101286
56233
56236
35756
35759
35760
101298
35763
101301
101311
101314
101324
101327
101330
101331
101334
101337
56297
56300
56304
56307
56311
56314
101401
101404
105501
101405
171040
101408
105505
101409
105508
101412
101413
117800
101416
171100
171103
171113
72818
171127
171130
171133
72854
72857
171164
134300
171167
171168
171171
171187
72884
72887
117957
171215
171221
171224
171225
171228
171229
171232
171236
118020
224521
224530
118034
224532
118037
118047
118050
118051
118054
36143
118079
171328
171331
118085
171335
118088
171338
118104
118107
130396
118108
118111
36197
130408
36203
130413
130416
36217
36231
130442
130446
36238
130449
118166
36248
118169
118173
36254
118176
36257
118180
36261
118183
36267
36270
118241
118244
118248
118251
36346
36349
36353
36356
36360
36363
36367
36370
130579
224794
130587
130590
224805
224808
130600
130603
130604
224818
224821
224822
151096
130637
130640
130641
130644
224861
224864
224865
224868
130676
151158
224893
151172
224903
224906
130701
151182
134802
224916
151188
224919
151191
130713
224922
134813
130723
134827
130733
130736
134837
134843
130749
134846
224959
151231
130752
224962
151234
224963
130755
130756
224966
151238
130759
130760
151241
208606
73444
208615
134890
73450
134893
134897
134900
73463
73466
73467
208639
208645
73479
130828
130831
130832
208659
130835
73491
130836
73494
130839
130840
130843
208669
208675
208678
73524
73527
208718
208721
208725
130903
208728
130919
130922
188269
188275
130932
130935
130938
188289
188299
188305
188308
130972
130975
130976
130979
130987
130991
130994
131002
188348
131005
131006
188351
188355
188358
131039
131042
131043
131046
)


// ************************************************************************* //
