/*--------------------------------*- C++ -*----------------------------------*\
| =========                 |                                                 |
| \\      /  F ield         | OpenFOAM: The Open Source CFD Toolbox           |
|  \\    /   O peration     | Version:  v1912                                 |
|   \\  /    A nd           | Website:  www.openfoam.com                      |
|    \\/     M anipulation  |                                                 |
\*---------------------------------------------------------------------------*/
FoamFile
{
    version     2.0;
    format      ascii;
    class       cellSet;
    location    "constant/polyMesh/sets";
    object      twoInternalFacesCells;
}
// * * * * * * * * * * * * * * * * * * * * * * * * * * * * * * * * * * * * * //


278
(
0
5
16
22
53274
65565
53308
53309
53310
32835
65605
65625
92
65630
65633
65634
65638
65639
65643
65655
119
65679
65684
65688
65696
165
153768
65704
65707
65712
65714
65715
65717
16567
133310
65726
192
65732
153801
201
65739
153804
65742
212
213
37082
153820
153823
153827
106725
153834
133355
133364
153860
153880
289
153890
16688
16730
133572
16867
16873
16881
53747
53752
53753
53754
53756
53768
131596
53773
131604
131605
131609
131610
133662
133664
133668
133669
133673
16937
88647
88649
133717
133736
88682
88687
88688
629
631
88701
133759
53888
131714
88706
131715
53891
37510
133767
133768
88712
53899
133776
17042
133786
131739
133789
133790
133792
131745
105127
131755
58034
58038
58041
58047
58050
58056
58075
58085
58099
58111
58115
58116
58119
58120
58121
58124
58125
58141
88871
58151
105258
58156
58159
88886
88888
88896
88904
88905
84815
88915
88917
84822
88923
27484
84834
88940
88945
101246
101247
101248
101249
101255
101262
101265
101267
101279
101280
101291
101295
56248
56249
56250
101307
101314
17347
101321
56265
101323
101324
56268
101325
80845
56271
80855
80859
80863
89068
17391
91137
91155
91172
91184
91186
91199
91204
91209
95314
95315
91220
95319
95324
27753
95344
27762
95348
27766
95354
95363
95377
95380
95387
95396
95401
95406
87215
95410
103647
91413
103705
64803
56643
56650
56653
56657
56660
56673
56677
56696
103833
103851
64945
64947
64949
64956
64978
64984
64989
64996
132585
65001
65005
65007
65008
32381
32418
91811
91813
91814
91845
32461
32469
32474
153340
153344
153346
153351
153353
65290
65294
65301
153397
83766
153407
65357
83800
83820
83831
83839
83843
83850
83854
83861
83863
83867
83873
133028
67494
67495
67499
32690
67508
16314
16317
16357
36841
133101
)


// ************************************************************************* //
