/*--------------------------------*- C++ -*----------------------------------*\
| =========                 |                                                 |
| \\      /  F ield         | OpenFOAM: The Open Source CFD Toolbox           |
|  \\    /   O peration     | Version:  v1912                                 |
|   \\  /    A nd           | Website:  www.openfoam.com                      |
|    \\/     M anipulation  |                                                 |
\*---------------------------------------------------------------------------*/
FoamFile
{
    version     2.0;
    format      ascii;
    class       cellSet;
    location    "constant/polyMesh/sets";
    object      twoInternalFacesCells;
}
// * * * * * * * * * * * * * * * * * * * * * * * * * * * * * * * * * * * * * //


415
(
106496
53248
45057
106498
4
45061
5
143373
19
79895
143387
53277
106529
79909
106535
79911
79919
79923
79924
79927
2103
143416
143417
106559
106560
106561
106565
2122
2124
79949
2126
2130
2133
106590
16480
106593
106594
16483
16484
14440
14441
106605
14445
14446
106608
16497
106610
2165
2167
106616
14456
16506
16508
120957
106621
14462
106624
106627
106630
106631
106634
2188
2189
2190
120976
2192
106643
2203
16541
120990
14494
2206
159
16544
16546
164
16549
16554
14506
16556
121005
16557
121008
14512
177
16563
16565
16566
14518
16568
14520
14521
16570
14524
190
14527
14528
16584
14536
14538
14541
208
210
16597
53464
16601
217
16604
221
16612
14565
233
234
245
247
248
16690
53570
102736
102738
102751
102754
22882
102762
102763
102772
102778
22907
22908
22911
398
22932
22936
53664
22960
22962
106931
106933
106936
106953
106960
106975
106977
106978
121315
121330
107012
121355
107026
107027
107031
121369
107036
107041
107044
107047
121391
121392
41527
121400
121404
68157
21060
121413
21064
121418
8779
121420
121424
121425
23121
68180
121431
8794
121438
121447
121448
23145
121450
17003
121452
121455
121458
23154
121459
103029
23157
8821
23158
103031
103034
23162
634
103035
639
23168
23169
23172
23175
8841
649
23178
23179
23183
41616
23185
23190
8854
23191
23192
23196
8863
103073
103076
23206
41646
8882
8889
8891
8895
8897
8899
41671
8903
8904
41673
8918
41692
41708
41711
8948
41720
8952
41721
41724
41729
8964
103180
8973
103198
103203
103204
103212
103215
103216
95030
95031
109375
68419
109382
109385
109388
109391
109392
95057
95074
68450
54120
121706
121710
54133
95096
54136
127868
127872
68482
68494
54159
95124
54166
95128
54175
95138
95143
95147
93099
54190
95155
95158
93110
95165
95166
95167
93127
93137
109529
109530
68577
109546
109550
109563
109569
109582
109585
109589
109593
1051
1062
1075
1077
1085
1086
1089
1092
1094
128071
1095
1097
21579
128096
128098
42082
128128
68789
142548
103675
103676
103686
142609
103697
103703
103710
142632
42280
68925
118117
118126
118131
142709
118149
118159
97680
118161
118168
118170
69025
118180
118182
118183
118186
118187
118192
118200
118207
118210
118211
118212
118217
118218
118222
69071
97745
118226
97746
97747
69078
142808
118233
118244
79340
52716
97775
97785
97787
97799
97802
97803
97807
97810
97820
97822
97825
79395
97838
79416
79417
79421
79423
79435
79439
106113
106119
106127
106142
106150
106153
106155
106157
106170
52947
14055
14077
14083
14085
14086
53083
143201
143208
53103
143229
143239
143259
116647
53161
143274
45013
53208
79856
79857
106482
143347
116725
116728
45048
79868
)


// ************************************************************************* //
