/*--------------------------------*- C++ -*----------------------------------*\
| =========                 |                                                 |
| \\      /  F ield         | OpenFOAM: The Open Source CFD Toolbox           |
|  \\    /   O peration     | Version:  v1912                                 |
|   \\  /    A nd           | Website:  www.openfoam.com                      |
|    \\/     M anipulation  |                                                 |
\*---------------------------------------------------------------------------*/
FoamFile
{
    version     2.0;
    format      ascii;
    class       cellSet;
    location    "constant/polyMesh/sets";
    object      twoInternalFacesCells;
}
// * * * * * * * * * * * * * * * * * * * * * * * * * * * * * * * * * * * * * //


4703
(
401412
286724
5
286727
262152
213000
286731
213003
262157
286734
213006
213007
15
401424
262160
213010
213011
213014
213015
286744
25
213018
286747
213021
286751
213025
286754
35
213028
213031
213032
213035
262188
213038
213039
262192
213042
262195
213045
213046
213049
213050
213053
213056
213057
213060
70
213069
213076
213083
73828
73831
112
213105
73850
213115
73853
73857
213122
73860
73864
136
188555
73867
73874
73877
150
73881
153
73884
286878
163
166
213162
176
213169
179
188597
401596
189
192
401603
49347
49350
49354
202
49357
205
114896
114899
215
114905
114906
218
219
49373
222
188639
223
49376
226
227
49380
213221
230
393447
49383
231
234
49387
237
49390
238
241
49394
244
49397
247
250
213249
49410
393477
213255
188681
213258
426254
213262
213268
213271
213275
213281
213284
393519
188723
401718
213303
426296
401725
401732
213318
74056
74059
213324
213327
74063
74066
338
213331
344
393561
347
188765
74082
74085
74089
426346
74092
49517
74096
49520
74099
49524
188790
74103
49527
426360
213370
74106
426363
426368
213376
188800
426370
393603
213379
426373
426375
213383
426376
188809
33164
213389
213392
401810
188819
426390
188822
401816
401819
188832
423
426
427
393645
188845
430
431
426418
434
435
33206
438
188855
439
426424
188858
442
426427
443
446
447
213441
450
451
188869
454
426439
455
188872
426442
458
426443
188875
459
188876
426445
213453
462
188879
426448
213456
213457
188883
213460
213461
188886
393687
213464
213465
188889
188890
213468
213469
188893
213472
188896
33248
213473
188897
213476
188900
188903
213480
188906
213483
213484
213487
213488
213491
33267
213492
213495
213496
213499
213500
213503
213504
393729
33282
213507
213508
213511
213512
213515
213516
188941
213519
33296
426518
33304
426521
33307
33308
426525
33311
426528
33315
33318
451115
213551
393776
33331
393782
188983
401976
393785
401982
401985
393795
401989
393798
584
587
591
393808
213585
594
451157
393818
33372
213598
213601
189025
33378
213605
33381
393832
213608
213609
33391
393842
33394
33395
393845
213622
33398
33402
33405
451199
393855
643
393865
189067
653
657
393878
393881
213660
393886
213663
671
393888
213664
674
393891
393894
393895
451241
393898
682
402091
393899
685
393902
686
393903
402097
689
393906
393907
213683
402100
189109
393910
402104
393913
393914
393917
402110
393918
33472
402113
393921
33475
393924
402117
393927
33479
213704
33482
714
402123
213707
213708
402126
213711
720
320210
451283
723
189141
402138
402141
402142
213728
189152
402145
402146
213731
739
402149
402150
230118
742
743
402153
402154
189162
746
402157
189165
402158
402161
402162
230131
402165
230133
402166
393974
189175
402169
402170
320252
451325
402173
402174
230143
402177
402178
230146
402181
230149
189189
402182
189192
402185
402186
778
402189
402190
402193
402194
189202
402197
189205
402198
402201
402202
402205
402206
189215
402209
402210
230179
402213
402214
230182
451367
230183
402217
189225
402218
394026
320298
230186
189228
402221
402222
189231
189232
402225
402226
189235
189236
820
402229
402230
189239
189240
402233
189241
402234
189244
402237
402238
189247
303936
189248
402241
402242
189251
402245
402246
402249
402250
402253
402254
451409
402257
402258
320340
402261
402262
402265
402266
402269
402270
862
402273
402274
230242
402277
402281
303978
402284
189293
402288
394097
402291
402292
402295
394103
394106
451451
402299
402302
320382
904
230284
304020
394143
451493
320424
946
181171
394165
394166
230326
394169
394170
394173
181181
394174
304062
394177
230337
181185
394178
189379
181188
394181
394182
394185
394186
394189
394190
181198
230351
394193
394194
320466
394197
394198
451545
394201
394202
181212
988
394205
230365
394206
181215
394209
394210
181218
394213
451558
189415
304104
451561
189418
230379
189419
189422
189423
181232
17392
230386
189426
451571
451574
189430
230393
189433
189434
320508
189437
189438
451584
189441
189442
230403
189445
189446
1030
230409
189449
181257
189450
230412
189453
451598
189454
181263
230416
189457
304146
181266
181267
230422
181270
181271
230425
181274
17434
451611
230429
230435
230438
320551
451625
1072
189491
451639
451642
304188
320573
320579
451652
17476
320582
320592
451667
320595
451669
181335
451672
189528
451673
181338
1114
451676
451677
320605
181342
451680
320608
451681
181345
451684
304230
451687
320615
451688
320618
451691
320619
451694
320622
17518
451695
320625
320626
451704
320632
189562
189568
320642
214146
189571
1156
320645
214149
214153
214156
320655
394384
304272
214160
394387
214163
230550
394391
214167
17560
230553
394394
214170
320669
230557
214174
451744
230560
214177
230564
214181
189605
451751
230567
214184
394410
320683
230571
394413
230574
189614
1200
451761
189617
230578
214194
189618
230581
214197
189621
189622
451768
1208
320697
230585
189625
304314
189626
230588
214204
189629
189630
214207
320704
189633
189634
17602
320707
214211
189637
214214
189638
320711
189641
320714
214218
189642
320717
214221
189645
451790
320718
320721
320724
320725
320728
320731
320732
214237
451807
214240
304356
214244
320741
214247
214251
17644
214254
214258
214261
1275
1289
214283
451852
1292
304398
214286
320783
451858
451861
17686
1302
451865
1312
304417
1315
451880
1325
451886
451889
451893
304440
320825
1338
451899
304444
214332
451902
304447
214335
17728
304450
1348
1351
304456
304459
451921
1361
304469
91478
451927
451930
451932
451933
304479
1375
451936
451937
320867
451940
451941
451944
451945
304489
17770
451948
451949
1389
451952
451953
304499
451956
451957
451960
451961
1403
451964
402816
91520
304513
402819
1411
304516
1414
402823
1415
402826
1418
320909
304526
1422
304529
1425
17812
1428
1429
1432
1433
304539
1436
189853
1439
189856
1443
1448
304553
91562
1451
304556
1454
1455
1458
304566
320951
304569
17854
304579
402890
402893
304589
402897
402900
91604
304599
189911
402904
304602
189914
402907
304605
304606
189918
320993
304609
189921
304612
304613
1510
304616
17896
304617
304620
304623
304624
189937
304627
304628
189940
304631
304632
304635
304638
91646
304642
402947
304645
402950
304648
304649
17929
402954
321035
304652
402957
1550
304655
402961
304658
304659
17939
402964
1557
304662
189974
304663
402968
304666
402971
1564
402975
304672
402978
1571
17956
402982
91688
402985
17967
17970
321077
1594
17980
190016
1600
1603
17994
17997
91730
18007
18010
321119
18020
18023
304744
190058
1646
18033
321141
190073
91772
190077
452222
18047
452225
18050
190089
190092
18060
304781
452244
321173
1685
190102
452247
18074
452251
321179
1691
18077
452254
1694
321184
190112
452258
1698
190115
190116
452261
91814
190119
18087
190120
1704
321193
190123
1707
452268
190124
452271
1711
190130
452275
321203
18100
190133
1717
452278
1720
452282
1724
452285
321213
18110
321216
452289
1730
452292
1733
1734
1737
321226
18124
321229
1741
452302
91856
1744
452305
1745
1748
452309
1749
321239
452312
1752
1753
321242
18138
1756
1757
1760
321252
1764
190182
321255
18151
1767
1768
1771
1772
18157
1775
18160
1776
321265
18163
1779
18164
91894
18167
18170
321275
18171
321278
18174
91904
18177
18178
18181
321288
18184
18185
190218
91914
18188
190221
18189
190222
18192
190225
18193
190226
18196
321301
190229
18197
190230
91926
321304
18200
190233
321307
18203
321308
190237
321311
18207
190240
321314
91938
18210
321315
18213
321318
18216
321321
321322
321325
1837
304942
321328
91952
1840
321329
321332
304948
1844
321335
304951
1847
321336
91962
18234
321339
91965
321342
321343
190272
321346
321349
321350
91975
321353
321354
321365
91989
321368
91992
321369
304985
304991
304994
92002
92005
190314
18286
92015
92018
190330
92028
190333
92031
18308
190343
92041
190346
92044
305043
190357
305046
92054
305047
190360
190361
305050
18330
305051
190364
190365
305054
305055
190368
305058
305059
92068
305062
305063
321450
305066
305067
92075
305070
92078
305071
92079
321457
305074
92082
305075
18355
92085
305078
92086
305079
321464
92089
305082
18362
305083
92092
247741
92093
305086
92096
18369
305090
92099
92100
305093
305094
92103
305097
305098
92107
18379
305101
305102
92110
305105
92113
305106
92114
305109
92117
305110
92120
305113
305114
92123
92124
305117
305118
190431
92127
92128
305121
190434
190435
92131
92132
305125
190438
247783
190439
92135
305128
190442
190443
190446
18414
18420
92150
18423
321549
321552
321553
247825
321556
321557
321560
321561
92187
321564
18472
190510
18478
190513
18481
321595
247867
321601
321604
18500
2118
321608
2121
18506
18509
2125
321614
2128
321617
321621
321627
321630
18528
2147
321637
2150
321640
321644
92269
321647
321648
321651
321652
174196
247925
2166
321655
321656
18552
2169
321659
321660
247933
2173
18558
321663
321664
247936
2176
18561
321667
321668
2180
18565
321671
2183
247946
18571
2187
174220
247949
18574
2190
18578
2194
2197
92310
247959
2201
92316
2204
92319
2208
247969
18593
2211
247972
18599
18602
18603
247982
18606
18607
18610
247987
18611
247990
174262
18614
18615
116920
247993
247994
116922
18618
116923
92347
18619
247997
116926
18622
18623
248000
248001
92353
18626
18627
248004
92356
248005
18630
18631
248008
18634
248011
18635
305356
248014
18638
305359
18639
18642
305363
18643
305366
18646
18647
18650
18651
18654
18658
18661
305382
18662
305385
18665
18666
305389
174317
18669
305392
174320
174330
174333
174343
174351
248080
174354
174355
92435
174358
174361
92441
174362
92444
174367
428321
92452
92455
92456
305451
92459
92460
92463
92464
92467
92468
92471
92472
305467
92475
92476
92479
92480
92483
305477
174405
92487
92490
92491
92494
305487
92495
92498
92499
92502
305495
248151
92503
248154
92506
248155
92507
428380
248158
92510
248159
92511
248162
92514
248163
92515
428388
305509
248166
92518
428391
248167
92519
305512
248170
92522
248171
174445
248174
248175
428401
305522
248178
248179
174451
174452
248182
174455
174456
174459
305532
174460
428415
174463
174464
305539
174467
428421
428422
305542
305543
428425
305549
305552
305555
305558
305595
321981
428478
321984
428481
321985
321988
321989
321992
305608
321993
321996
321997
305614
322000
322001
305617
322004
174548
322005
248277
174551
322008
322009
322012
322013
322016
322017
322020
322021
322024
322025
322028
322029
305645
322032
322033
305651
322036
322037
305654
305655
322040
322041
305658
322044
305662
305665
305666
322051
305669
322054
322055
322058
354844
354866
354869
35390
354886
354889
305751
305754
305758
305761
92781
305774
19054
92784
305777
19057
354930
354932
92788
19061
92791
19064
354937
354941
35459
92804
92807
92811
92814
19086
19089
354962
35474
354965
19093
354966
35478
19096
35483
35486
35490
19106
19109
35497
19113
19116
92848
92851
19126
92855
19129
92858
19139
19142
19146
19149
19153
19156
19160
19163
35550
19167
35554
19170
35557
35561
19177
35564
19180
35568
19184
19187
322341
322344
322348
322351
322355
322358
322362
322365
322369
322372
322376
322379
281579
281592
281602
281605
281609
281612
281613
68627
281649
338996
281652
281653
281656
339001
281657
339002
281660
68669
207934
339010
339013
339016
339039
339042
339043
339046
68711
207976
339064
208010
68749
208016
68752
208018
68762
208028
68765
208031
339106
68775
208041
68778
208043
68781
208046
68782
208047
68785
208050
68786
208051
208055
339145
339159
339162
339164
68830
68833
339174
339177
339187
339197
339200
68864
339203
68867
339204
68868
208133
339207
68871
339208
208136
68872
208137
339211
68875
208140
68876
208141
339214
339215
68879
208144
208145
257299
208148
208149
208152
257309
257322
257344
68937
68940
257375
339314
339317
339318
339321
339322
339325
339326
339329
339330
339333
339334
339337
257417
257459
429502
257501
429544
339462
257543
429586
339504
257585
429628
339546
257627
429670
282229
339588
257669
355982
429712
282262
339630
257711
282290
356024
429754
282299
282309
282311
282314
282317
339672
257753
356066
429796
282363
282364
282367
282368
339714
282371
257795
356108
429838
438045
339756
257837
356150
429886
438087
438100
339798
356192
438113
257890
438116
257894
429928
257899
438126
257902
438129
438132
438133
257916
339840
257926
257929
356234
438158
429970
257939
438164
438167
257953
36771
257956
438183
438186
339882
438187
438190
257966
356276
430012
257980
257994
36813
290769
339924
258008
258011
356318
258021
438246
430054
258024
438249
438253
438256
258034
36855
290811
110588
339966
258048
356360
258061
430096
225298
290836
290839
258074
225306
225309
290849
36897
290852
258084
290855
258087
225319
340008
225323
225326
430128
258097
225329
356402
258107
430140
290877
258110
258113
225345
290882
36930
430147
340036
258116
36932
290885
258117
258120
430153
389193
258121
430156
258124
340045
36942
258127
258128
36945
340051
258131
381012
258132
430165
290901
340054
225366
258135
290904
258136
290905
225369
225370
258139
36955
356444
290908
225373
258142
36958
258143
258146
430179
258149
430182
258150
340072
36968
258153
258154
340075
36971
258157
340078
258158
430192
389233
340081
258161
36981
258167
36984
430202
340091
36987
258173
381054
340094
36990
36991
258176
36994
258179
36995
389252
225413
356486
36998
389255
258183
430216
340104
225416
37001
37002
430219
290956
37005
389263
290959
37008
37009
389266
340114
389267
290963
430229
290966
340124
430243
340134
381096
225448
389289
37033
258220
389294
430256
356528
389297
430259
340148
340151
430269
430272
430273
389313
340161
258242
430276
389316
340164
430277
389317
430280
389320
430281
258249
430284
340174
430287
430288
258256
340177
381138
225490
430291
37075
356570
340187
430301
340190
315619
340200
430315
340210
430325
258293
389366
430328
389370
381180
340220
258300
225532
389373
37117
430338
356612
258310
340233
430348
315661
340243
340245
340248
340249
430362
340252
340253
340256
430369
381218
340259
430372
340260
225574
430375
340263
37159
430376
340266
315690
430379
340267
430380
315692
356654
340270
430383
340271
430386
340274
430387
381236
340277
430390
340278
430393
340281
315705
430394
381242
381244
340284
430397
340285
430398
340288
430401
340289
340292
430405
340293
381254
315719
430408
340296
430411
340299
340300
430414
381264
37201
340306
315730
381267
340309
356696
340312
340313
315737
258395
340316
381277
340319
381280
315744
258401
340322
430435
258404
340325
315752
381290
381293
225645
315758
340335
315761
340338
340341
315765
381303
340344
381306
315771
37243
315774
258432
381314
356738
315778
381317
258438
430472
381320
315784
381321
258441
315787
381324
381327
381328
381331
381334
381335
225687
381338
258460
381341
430494
381342
381345
381346
258466
430501
381349
258469
37285
381350
381353
258473
258479
258482
258486
37303
258492
356798
258495
225729
37313
430541
356814
340432
356822
356826
37338
176603
356833
258529
258535
258538
37354
225771
258542
315893
37367
356856
315896
37370
356859
315900
258557
315903
356864
430593
315907
37380
176645
315910
37383
53769
356874
315914
356877
315917
315921
37393
53779
315924
37396
225813
356887
315928
315931
53789
37406
356897
356900
53796
53797
37416
356910
53806
176687
258608
356913
340529
53809
258611
258612
37430
258615
430648
258616
356923
258619
53819
258620
430654
356926
53822
258623
225855
258624
430657
258627
258628
37444
258631
356936
258632
53832
340554
356939
258635
53835
258636
53838
258639
53839
258640
53842
258643
258644
356949
53845
37461
53846
258647
258648
37464
176729
53849
37465
258651
258652
53852
37468
430685
37469
258655
258656
37472
37473
430691
356963
258659
258660
37476
37477
430694
356966
381543
258663
258664
37480
225897
37481
381546
381547
258667
37484
381550
381551
258671
37487
356976
381554
258674
37490
381555
356979
37491
381558
258678
37494
381559
430713
258681
381562
258682
381563
356989
258685
381566
430719
381567
430722
381570
381571
176771
430726
381574
381575
356999
381578
381579
381582
381583
381586
381587
225939
357013
381590
357016
430753
357026
430756
430757
357029
430760
176808
430761
430764
430765
53934
357039
430768
430769
53937
53938
430772
176820
430773
53941
53942
430776
357049
53945
340666
53946
225981
53949
53950
340672
53953
53954
357059
340675
430789
53957
430795
357069
430798
357083
357086
226023
357096
357098
357101
357102
357105
357106
430835
357109
37623
357112
430841
357113
103161
37626
37627
430844
357116
37630
357119
283391
37631
357120
37634
430851
357123
37635
103173
430854
357126
226054
37638
430855
357127
37639
430858
357130
226058
103178
37642
430859
357131
37643
226061
430862
357134
37646
430863
357135
37647
430866
357138
37650
430867
37651
357141
340757
430870
357142
37654
430871
226071
103192
357145
430874
357146
37658
430875
357149
176925
430878
357150
430879
283423
283424
357153
430882
103202
430883
283427
357156
37668
357157
226085
430886
357160
430890
357163
357164
430893
430894
340782
357167
357168
430897
340785
430898
340786
357171
226099
430901
340789
430902
340790
226102
357175
103224
430905
340793
283449
357178
340794
283452
357181
340797
340798
103230
357184
340801
103233
340802
103234
340805
103237
357190
340806
176967
357193
340809
340810
226122
340813
340814
357199
340817
357202
340818
340821
357206
340822
226135
340825
340826
357212
340829
340830
357215
340833
357218
340834
357219
340837
226149
357222
340838
357225
340841
340842
37738
340845
103280
340849
177009
37745
226163
103283
340852
340853
103287
340856
37752
340857
103290
340860
340861
340864
340865
226177
340868
340869
340872
226191
340882
37778
340885
340886
340889
340890
177051
340893
226205
37793
226219
226229
226243
177093
226246
226251
226254
226255
226258
226259
226262
226263
209880
226266
226267
226270
357344
226273
37862
226279
37868
78829
177135
37871
37875
226297
37881
37884
226304
37888
209922
37894
37897
37902
259088
37905
37906
259091
357396
37909
37910
259095
78871
177177
37913
259098
37914
226332
37917
37918
78879
37921
37922
37925
226342
78886
37926
259111
78889
37929
259114
37930
226349
37933
259118
37934
259121
37937
209970
37938
78899
226356
37941
259131
226363
78909
259134
78912
78913
259138
226370
209987
193603
177219
78916
259141
209990
78919
259145
226377
78923
259148
259152
210000
177233
259155
259159
210007
259162
210010
210011
177243
259166
210014
226399
259169
177249
210018
177252
210021
357478
210024
210025
210027
193645
177261
259185
259188
177268
259192
259195
259199
259202
177282
226437
177285
259209
226443
259212
226446
177295
226450
78994
78997
78998
193687
226456
177305
79001
79002
226459
79005
79009
431266
177315
79012
431269
341159
431273
341162
226475
431276
341166
226479
341169
177329
226482
226486
431289
210105
431292
210108
210109
177343
431296
210112
193729
177346
431299
210116
226501
177349
177350
210119
210120
177353
177354
226507
210123
210124
431309
177357
226510
210127
431312
210128
177360
177361
226514
341203
210131
431316
341206
431319
177367
226520
177370
431323
226523
431326
226527
177380
226533
226536
193771
226540
431342
431345
177393
226546
431349
226549
431352
226553
177403
193790
226559
193793
226562
251141
177413
226566
431368
431371
226572
431375
226575
193807
431378
177427
177430
226588
193821
193824
177440
226594
226597
193834
177450
251183
226607
357680
226610
226611
431413
357686
226614
226615
193847
177464
357689
226618
226619
177467
226622
177470
226623
177471
193857
226626
177474
226627
193860
193861
226630
177478
226631
193864
177481
226634
193867
193868
177484
177485
226638
193871
177488
226641
177489
193874
177492
193878
70998
177495
177496
251225
177499
177500
193885
431455
357732
38245
38248
357738
177515
357741
177518
38255
38258
193907
71040
251267
431497
251278
38286
38289
38293
193944
38296
38300
193950
38303
193953
177570
38307
390565
193957
38310
177577
357802
71082
38314
5546
193963
243116
38317
193966
357808
390577
38321
431539
357811
38324
251317
193985
357829
390600
357832
357833
177609
357836
357837
357840
357841
357844
71124
5588
357845
243158
194006
357848
357849
194009
194010
357852
431581
357853
194013
194014
251359
357856
357857
194017
194018
357860
357861
194021
194022
357864
357865
194025
357868
357869
357872
357873
177649
357876
357877
357880
357881
357884
357885
243197
71166
5630
390655
357888
284160
357889
357892
357893
357896
357897
251401
284170
357900
390669
366093
357901
243214
390672
366096
357904
357905
357908
284180
366101
177686
390679
390680
357912
390683
357915
243227
357916
243230
366111
357919
357920
366114
366115
357923
357924
284198
357927
431656
243240
71208
5672
284201
243242
357931
243243
357934
243246
390703
357935
243247
357938
243250
284211
251443
243251
390709
357942
284214
243254
390712
357945
243257
357949
357952
284224
284227
243267
357956
390725
390727
357959
357960
390730
177738
357963
357964
284237
71245
357967
366160
357968
284240
177744
71248
431698
366163
357971
284243
177747
366164
357972
284244
366167
357975
284247
390746
284250
284251
390749
251485
284254
71262
284255
243302
71275
194158
71278
194161
194165
194168
177784
71288
431740
194172
177790
194175
177793
194179
177797
194182
71302
243335
243338
243339
177803
243342
177806
243343
177807
194192
390801
243346
177810
243347
194195
177811
71315
390804
243350
177814
177815
390808
177818
390811
251547
177819
251550
177822
431775
177823
71329
177826
177827
251556
71333
177830
431783
71336
71337
431788
71340
71341
46765
251566
71344
71347
431797
71350
5814
251580
177852
284352
431811
284355
5827
284356
71364
431814
251590
284359
284360
284363
284364
5837
284367
431824
284368
284371
284372
243413
251606
284375
46807
243416
251609
431834
5851
251612
251613
177885
251616
251619
177891
251620
177894
251623
431848
251624
5865
5868
71406
431858
251638
5878
251641
5881
5882
431872
5888
46849
177922
431875
251651
5891
5894
177928
177931
227084
177932
431885
227087
177935
177936
251665
227091
177939
177940
227094
431895
177943
71448
5912
227098
251675
177947
227101
104221
431902
251678
177950
177951
5919
431905
227105
177954
177955
431908
227108
431909
177958
177959
431912
251689
177962
177963
71467
46891
431916
251692
227118
177966
431919
251695
177967
251696
227121
431922
177970
431923
284467
251699
177971
71476
227125
431926
251702
177974
104246
251703
227128
431929
431930
251706
431933
251709
71486
227135
431937
71489
227138
177987
431940
227142
177990
5959
227145
71499
227149
5965
71502
227152
5968
71505
71506
431956
227156
5972
71509
46933
71510
227159
71513
71514
5978
227163
284509
5981
227166
104288
227170
71522
227173
227177
71529
227180
5997
227184
6000
6001
227187
6004
227191
6008
227194
6011
6012
431998
227198
46975
6015
227201
71554
227205
284551
227208
432009
399241
71561
432012
227212
251791
227215
104335
71571
432022
227222
104343
432025
227225
432026
432029
227229
227232
104353
104356
251813
71593
47017
104366
71599
284593
104369
71602
399283
251829
104373
71606
358327
104376
358330
104379
104380
358334
104383
104384
358337
432066
104387
251851
47059
358356
71636
432086
358359
71642
358363
284635
399325
71645
358366
71649
71664
71670
358391
6135
104441
71673
358394
6138
432123
71677
358398
6142
71680
358401
71681
6145
71684
284677
71685
6149
399367
71688
6152
71689
71692
6156
251917
71693
6159
71696
251923
251926
432151
104476
432157
104479
47135
432160
104480
251939
104483
104484
104487
358440
104488
47145
104491
104492
47148
284719
104495
47151
399409
251954
251957
251958
251961
47161
251962
432188
47164
251965
251966
251969
432194
251970
399427
432197
251973
47174
251977
47177
399435
399437
251983
432210
358482
251986
47187
399447
432216
284761
432219
47197
71776
104546
71779
71780
399461
252005
71783
47207
71784
252011
71787
71788
252014
399471
71791
71792
399474
71795
47221
432247
47224
399484
358524
432253
399487
432256
432257
47234
284803
432260
432261
178309
399495
432264
178312
252041
399498
399499
432268
252044
178316
252045
399502
432271
178319
432272
252048
47248
399505
252049
399506
432275
47251
432276
252052
47252
399509
252053
432279
47255
432280
399512
252056
399513
252057
47258
432283
47259
432284
252060
252061
47262
432287
399519
178335
252064
47265
399522
178338
47266
432291
399525
47269
432294
358566
178342
47270
432295
178345
47273
432298
47274
284845
178349
178352
47280
399539
47283
178356
47286
178359
47287
47290
432321
178369
432324
178372
358608
178385
432340
178388
432343
284887
432344
178392
432347
178395
178408
178411
178415
178418
358650
399613
284929
399619
399622
47372
47394
358692
284971
399660
399663
399664
399667
399668
399671
399672
399675
399676
399679
399680
399683
399687
72009
399690
399691
72012
399694
358734
72016
72019
285013
72023
72026
72039
72042
72046
72049
72053
358776
72056
285055
252287
72063
252290
72066
47490
252294
72070
47496
252297
72073
47499
252304
252307
252314
326045
252317
47518
252321
358818
252324
47524
326055
47527
47528
285097
47531
47532
252334
47535
47536
326065
252337
47539
47540
399797
252341
47543
399800
252344
47544
432570
326075
47547
399804
47548
432573
399807
47551
47552
432577
47555
432580
72132
47556
326085
252358
47559
326089
47563
358860
326094
47566
47567
432593
47570
285139
47571
432596
47574
47575
432600
326104
47578
432603
432610
326115
432613
326118
432617
432620
399854
72174
326128
252400
358902
432633
326138
432636
285181
326148
432652
326158
432655
358928
326161
358933
326165
399896
326168
72216
252442
326171
432668
432671
326175
326178
358948
326181
326182
326185
326186
358959
326192
358966
358969
399938
72258
358979
252484
358993
358996
432725
359006
359016
359019
399980
72300
432752
285297
359029
252537
252540
432766
252542
359039
432769
359042
432771
432776
252552
326282
252555
359052
285324
326285
432786
252565
47765
400022
72342
432792
47768
359066
432795
285339
47772
432798
47775
285347
252579
359076
359079
47785
285356
47788
252589
432814
285359
47792
359089
252595
47795
432820
285366
252598
432823
252599
326328
285369
252602
359099
326331
252603
359102
252606
326335
432832
400064
72384
252609
326338
252610
432835
326339
285379
252613
326342
359112
326346
252620
326349
285389
326350
326353
359122
326354
47826
359125
326357
326358
285399
252632
326361
359133
326365
359136
326368
359137
285409
359140
359141
359144
400106
252650
72426
285419
359148
359151
359154
359155
359158
359161
285433
359162
285436
252668
47868
359165
359166
359169
359170
359173
359174
285446
359177
359178
432908
359181
359182
432911
359185
359186
432915
400148
285460
72468
359189
432918
285463
359195
359198
432928
359201
285473
432931
359204
285476
252710
47910
432935
359207
432938
359213
285486
326447
285489
326450
359222
359225
285499
400190
285502
72510
285512
285515
31566
252752
47952
285525
72534
285528
72538
72541
285538
285541
72551
400232
72554
285551
285554
72564
31608
47994
285564
72574
285574
285577
359307
72587
72590
400274
285587
285590
285591
72600
31641
285594
72603
285597
285598
285601
31650
285604
48036
285605
72613
285608
285611
285612
31660
285615
285618
285619
72627
31667
285622
31670
31671
285625
285626
400316
285629
285630
72640
285633
285634
285637
285640
285641
285644
285645
72654
48078
285648
285649
72657
31697
285652
408535
285655
285656
72665
285659
252891
31707
72668
31710
285663
252895
72671
72672
285666
72675
72676
285669
400358
72679
285672
72680
285673
252905
72683
31723
285676
72684
285679
72687
31729
72690
252915
72691
31732
285685
31733
72694
72695
285688
48120
31736
72698
252925
72701
285694
72702
408577
285697
72705
285698
72708
285701
72711
285704
252939
72715
252942
285711
400400
408594
359444
252952
359450
359453
408608
48162
408611
252966
31782
252969
31785
252970
408620
252973
252976
31792
252977
31795
252980
252981
48182
252984
400442
252987
408636
72765
252991
408642
48196
408645
408646
408649
48202
48208
48210
392280
48220
285789
359520
253025
400484
72805
359526
359529
48234
392299
72812
48237
285811
72822
48247
408696
392313
408699
408703
392321
48257
408706
392328
48267
400526
392336
392342
392345
48281
253090
212133
48295
253096
253099
48305
359602
48308
359605
359606
400568
359609
359610
253115
72892
359613
253118
48318
253119
359617
253122
48322
253123
359620
359621
48325
253126
48326
253127
359624
359625
48329
253130
253131
359628
48332
359629
48333
253134
392399
253135
212175
359632
48336
359633
392402
253138
359636
48340
359637
392406
253142
48343
359640
392409
359641
48346
48347
359644
392413
359645
48350
359648
359649
48353
400610
359652
48356
359653
359656
48360
359657
72937
48363
359660
359661
48366
72943
359664
48369
72946
359668
72950
359671
359672
212217
359675
359676
253182
359679
359680
359683
359684
48388
72965
359687
359691
72971
400652
359694
72974
253204
359701
359704
72990
72993
72994
212259
72997
72998
73001
73002
253229
73005
73006
73009
73010
73013
400694
73014
48440
73017
73018
73021
73022
48447
73025
73026
73029
73030
73033
73034
253259
212301
73037
73038
253265
73041
253268
73045
73048
400736
48484
253287
253293
253296
253297
253300
253301
212343
253304
73080
253305
286075
253308
253309
253312
286081
253313
286084
253316
253317
253320
400778
253324
253327
48530
286103
48536
48539
286109
286112
212385
73122
400820
48576
48582
48585
212427
73164
48589
48595
48598
400862
48627
212469
73206
48630
48631
48634
48635
48638
48639
48642
359939
359942
48646
48649
359946
48650
359949
48653
48654
48657
48658
48661
48662
400919
48665
400923
48669
212511
73248
48672
48673
400931
48676
48677
400935
48680
359977
400938
359980
400944
359984
286257
359987
48691
286260
286261
286264
245304
286265
400956
286268
286269
286272
286273
48706
286276
286277
286280
286281
212553
400970
73290
286284
286285
286288
286289
400980
286292
286293
253526
400983
286296
286297
253529
286300
286301
253533
245341
73311
286304
253536
400993
286305
400996
286308
286309
286312
286313
286316
48748
286317
73325
401006
286320
73328
401009
286321
212595
286324
286325
286328
286329
73338
401019
286332
286333
73341
401022
286336
286340
286343
245383
73351
401032
286344
253576
401035
286347
253579
286348
286351
286352
286355
286356
401045
253589
73365
48790
286359
286360
253592
286363
253596
212637
401055
286367
253599
401058
286370
286371
73379
286374
73382
253609
351914
286378
401068
253612
286381
286382
73390
401071
253616
286385
245425
73393
286386
73394
253619
286389
73397
73400
401081
73401
401084
286396
73404
245438
286399
73407
48832
73410
73411
401094
212679
401097
245452
245455
401107
245459
48851
245462
245463
48855
319193
48858
351965
245469
48864
401121
245479
73448
48874
48877
401134
351982
319214
73455
351985
212721
351986
319220
245493
48887
401144
401147
245499
319231
352001
319234
319236
73476
401157
48901
401160
245514
73482
73485
48911
245520
352017
401170
245523
352020
401173
48922
212763
245533
48925
48926
401183
245536
245537
48929
401186
245540
48932
48933
319271
48936
48937
319274
401196
212780
48940
319278
73519
48943
48944
319281
73525
401206
48950
73528
73532
352061
401216
352064
212802
73538
73541
401230
212816
73555
73558
73559
73562
73563
48987
401244
212830
73566
73567
73570
73571
73574
73575
401258
73578
212844
212847
401269
245622
401272
401273
245625
212857
401276
401277
245629
401280
245632
401283
401284
212870
401287
245639
401288
245642
401291
401294
245646
401295
245649
401298
401299
212884
401302
401303
401306
401307
401310
401311
212897
401314
212900
401317
401318
401321
401322
401325
401326
212910
49072
401329
401332
401333
49078
401336
212920
49081
401339
401340
401343
401344
401347
401348
212934
401351
401354
49100
401357
49103
401360
49104
401363
49107
212948
49108
401366
401367
212951
49111
49112
401370
49115
49116
401373
401374
49119
49120
401377
212961
401378
49123
212964
49124
401381
49127
401384
401385
49131
401388
212974
49134
401391
212977
401397
262133
401403
212987
401406
)


// ************************************************************************* //
