/*--------------------------------*- C++ -*----------------------------------*\
| =========                 |                                                 |
| \\      /  F ield         | OpenFOAM: The Open Source CFD Toolbox           |
|  \\    /   O peration     | Version:  v1912                                 |
|   \\  /    A nd           | Website:  www.openfoam.com                      |
|    \\/     M anipulation  |                                                 |
\*---------------------------------------------------------------------------*/
FoamFile
{
    version     2.0;
    format      ascii;
    class       cellSet;
    location    "constant/polyMesh/sets";
    object      twoInternalFacesCells;
}
// * * * * * * * * * * * * * * * * * * * * * * * * * * * * * * * * * * * * * //


402
(
25
40
43
49
51
58
64
85
89
95
168062
139
141
145
168085
150
154
82082
162
82083
163
165
82088
82091
171
82094
175
82097
82098
179
82103
82105
69823
69825
194
196
69835
69836
206
208
209
213
214
216
224
230
217328
273
292
61737
61744
61745
308
311
61755
315
321
61762
229707
333
61777
339
61781
61783
61785
354
357
359
368
62083
62108
62119
62131
62156
62164
62183
62184
894
209934
209935
209948
209950
209952
209961
209964
209986
209988
209990
209992
209993
209996
209998
209999
210000
210002
210011
210018
210023
210024
210109
210112
148788
148921
148929
148938
26058
148941
26077
26078
26080
148964
148971
148980
148991
149005
79399
26156
79407
149040
79408
79410
79422
79430
79434
226909
226911
226913
149094
226920
226925
149104
226943
226958
226963
226964
79519
226977
210596
226984
79528
226986
79532
79540
79543
79546
218824
79574
79577
79580
149220
149223
149230
149239
1794
1801
1810
1879
1897
96109
1901
96112
96114
96134
22422
1942
96161
96183
22457
96195
22493
96223
96238
96239
96244
96245
96246
96248
96250
22531
96260
96261
22533
96262
96272
96275
96287
96290
96291
22563
96293
96295
96297
96306
96309
22587
96319
96322
22601
22608
96342
96350
96353
96356
227466
227470
10449
10452
10454
211194
211197
211205
211220
211232
211239
211243
211248
211349
84403
84405
84414
227778
84438
84439
227806
227808
227809
84450
227812
84454
84455
84456
84464
105163
105164
105189
105190
154382
23359
23369
84816
84826
228189
23389
84837
84842
84843
84844
23404
84850
228213
174967
228226
228246
228254
72625
72626
228288
175042
19397
228298
175053
228305
19412
228309
228310
199639
228323
228324
19439
228354
228356
228366
228369
228375
228376
228382
228383
228386
216102
228419
228429
97362
97363
23643
97379
216167
216170
72820
216197
72846
72848
72849
72862
72869
72887
97470
72898
105669
97478
72905
216266
97485
72916
216278
72921
72925
72926
72934
72938
216300
105710
72942
97520
72944
228595
97524
105718
216312
72952
72955
72964
97541
105735
105737
105740
216334
105742
97551
105746
97561
105754
97564
72988
216349
105757
97566
97569
97570
105765
105766
150828
150834
27960
97696
167334
228789
228800
228810
228815
60882
60889
228833
97762
97765
97766
200178
60915
60919
60920
200193
60932
200197
60934
200223
60966
200250
60986
200251
60992
200257
200258
60998
85577
61007
85589
61017
61018
200289
85604
216679
167532
167535
85615
200308
85622
167546
167553
85633
85634
85648
85658
85662
85665
167589
85670
216818
216844
216863
216885
216891
216895
216899
)


// ************************************************************************* //
