/*--------------------------------*- C++ -*----------------------------------*\
| =========                 |                                                 |
| \\      /  F ield         | OpenFOAM: The Open Source CFD Toolbox           |
|  \\    /   O peration     | Version:  v1912                                 |
|   \\  /    A nd           | Website:  www.openfoam.com                      |
|    \\/     M anipulation  |                                                 |
\*---------------------------------------------------------------------------*/
FoamFile
{
    version     2.0;
    format      ascii;
    class       cellSet;
    location    "constant/polyMesh/sets";
    object      twoInternalFacesCells;
}
// * * * * * * * * * * * * * * * * * * * * * * * * * * * * * * * * * * * * * //


1573
(
0
57350
110599
57353
110602
10
57356
110605
57357
110606
57360
110609
155666
110610
57363
57364
57367
155672
61466
57370
155675
155676
28
184349
61469
155679
155680
155683
155684
57380
36
147494
155687
39
155688
155691
110635
155692
147500
155695
147503
147504
49
110642
155699
147507
147508
155702
147511
147512
56
147515
59
147516
110652
62
147519
147520
66
147523
69
72
147530
147533
57428
184405
184408
110682
73822
110688
118881
184418
110691
184423
118887
110695
184426
184429
110701
110704
110705
110708
118901
110709
110712
110713
110716
184445
118911
118917
133
118920
136
137
140
144
57489
184466
147
148
184469
155797
184470
73878
57495
151
155800
184473
57498
57499
155804
57502
155807
57503
213153
57506
57507
73892
155814
57510
57511
73897
57514
57515
57518
57519
118960
73904
147633
57522
118963
147636
73908
155830
118967
147640
118970
73914
147643
73917
73921
184516
155846
184519
155856
155859
213
28886
229593
155869
229598
213217
155883
229612
236
155886
123121
184562
184565
110837
229622
155896
123128
110840
213241
155899
123131
73979
229628
155900
184574
73982
229631
155903
155906
73986
155907
123141
110853
73989
213255
123144
110856
73993
213258
123147
110860
73996
184590
110863
155923
110867
213268
110870
213271
213274
110874
213275
184604
110877
184612
57637
229670
57640
229673
123178
184619
57644
229677
123181
123182
57647
229680
184624
123185
213300
184630
184633
213306
155963
213309
184637
155969
155972
326
184647
213325
184653
213328
336
213329
339
213332
155988
123222
155991
343
155992
184665
155995
184668
155996
184669
155999
156000
119137
156003
123236
184682
119148
119151
123250
184694
123255
184697
119161
379
119164
123262
382
119167
123266
386
389
123272
123275
123279
213407
119201
213410
119204
119205
213414
119208
213417
61872
184755
156085
184758
61878
156088
184762
156092
184765
156095
184769
61891
451
184772
123335
123338
61899
123342
463
123345
61905
61908
468
123349
123352
482
184805
485
184808
488
61941
61944
61948
61951
524
527
528
531
66100
574
49727
66122
66136
119392
66146
119399
66152
66155
119404
148093
638
49791
131712
119431
66195
66198
49815
664
66202
66205
230048
49825
8866
675
8870
49839
49842
49843
8888
697
49858
711
8904
131791
721
8915
724
49877
725
49883
49886
49887
230112
8928
49890
49891
8931
740
193253
49894
193260
8941
193263
8944
230129
8945
8948
193273
193276
193277
119549
8958
230144
8964
8967
8968
777
230154
119562
230157
230158
783
230161
786
119572
230165
230168
119578
796
119581
193310
8991
799
49952
800
193313
193314
49955
803
86820
193317
8997
86823
49959
9000
808
49962
17194
131883
86827
811
86830
119601
86834
17202
119604
131893
86837
17207
9016
86841
131899
9019
86844
9020
131902
9023
230224
152400
230227
230228
230231
230235
230238
119647
119650
152420
131942
119654
131945
119657
131949
17263
131952
107378
17266
107385
107398
107401
107402
9101
909
9104
912
123794
9108
916
107415
9111
919
923
926
107427
152484
107430
9127
9130
9134
9137
66482
152504
152517
107461
213959
107464
152531
66524
152541
66527
152544
66537
66540
152557
66541
152560
152563
152564
152567
152568
152571
214023
66577
66580
66581
66584
123945
152623
152629
123959
152632
123969
214087
123975
123978
152660
152663
152664
152667
152668
152671
152672
152675
124018
124021
124025
124028
214147
140422
214156
214159
140438
214169
152735
152738
214179
214182
152742
214183
152745
140457
214186
214187
197804
140460
214190
214193
214196
140470
197822
197825
140484
197833
140492
140495
140496
197844
210133
197847
210137
210143
197857
140514
197860
197861
140521
210163
210166
197880
222459
197883
140541
140547
140550
214281
140554
214284
214285
214288
140560
214289
140563
214292
140564
214293
140567
214296
214297
197914
214300
197917
197918
197921
128299
210240
140610
210253
210256
222551
222559
210273
222562
210276
222572
210284
222575
222581
222584
222587
210300
140674
210319
210325
210328
210334
222630
210344
222639
222642
210354
210356
210359
210362
222652
210364
222655
210367
210368
128448
222658
128461
128476
128479
140782
222706
140787
222709
140790
222713
222716
222717
222720
140800
140810
140813
140814
140820
140823
210456
140824
210459
210460
210463
210464
222754
210466
222757
210469
222758
210470
222761
210473
140887
140890
140891
71261
140894
140898
71266
140901
71269
140902
140905
71279
71282
165491
71283
128636
165502
165505
128644
128647
222862
128657
165522
128660
165525
128661
71319
71322
71323
71326
128693
128696
128697
140987
128700
202430
140990
140994
140997
141001
141004
202448
202450
202453
202478
202479
202482
104191
104197
222983
222988
104210
104213
104214
223001
223004
223007
104227
202532
104239
104242
202556
202559
165695
223041
165698
223044
223045
223048
202569
165706
173899
202572
202573
165710
104273
104276
165733
165736
165737
202606
202609
202610
202613
75650
173963
165781
202656
75714
174027
165845
202720
104448
104450
75778
174091
75789
75792
165909
75802
202786
75816
75819
75829
75832
165946
75835
75836
165949
75839
75842
165959
165973
165976
174172
104540
104543
202850
165986
104546
165989
165990
231529
165993
174186
165994
104556
174189
165997
231534
104559
231537
104562
18546
174199
174202
231547
166012
231550
75902
231551
174212
174215
75916
174225
10386
174228
174229
174232
174235
166043
174236
166046
231583
174239
202913
231586
174242
231587
174243
231590
18598
174249
75945
166062
202927
202930
104632
202940
202943
202946
202949
202950
100556
104653
202960
75985
10450
75991
166105
75994
202974
166111
202977
174306
166114
202979
202982
202983
174312
202986
76010
174315
202989
76013
76014
76017
166130
76018
166133
76021
166134
104694
76022
166137
104697
76025
166138
104698
76026
166141
104701
166142
166145
104705
76036
76042
104715
100620
76045
76048
104721
203026
166162
10514
104724
166165
174361
174364
174365
174368
76064
174369
203042
174372
174373
203048
174376
174377
203051
174380
174381
76077
10543
174384
76080
100658
76088
100665
10554
76091
76092
10557
76095
10560
203073
76098
203076
203077
100679
203080
10570
18771
104788
10580
203093
100693
104791
203099
104795
203102
104798
10594
100707
18790
203111
203114
100714
203115
18797
203118
203119
18800
10608
100721
76145
203122
10611
76148
18804
10612
76149
10615
76152
76153
18810
10618
100731
10619
166268
76156
18813
166271
100737
166275
100740
166278
100744
174478
100750
174481
100753
174485
100757
174488
100763
100766
174514
18866
231860
174517
18869
231863
18873
18876
18880
174531
18883
231877
174541
231887
174547
231893
174550
231896
190956
76268
76271
76275
76278
203261
174590
10750
231936
203264
174593
231939
203268
174597
10757
76294
231943
203271
174600
76297
231946
76301
100878
76304
100881
100885
203287
100888
203290
100892
203294
100895
203297
100899
100902
100906
191020
100909
129583
10800
100913
231987
100916
10806
129591
10809
231994
129594
10813
10819
129604
10822
129607
10823
232008
129608
10826
10827
10830
10831
232018
10834
10835
10838
232024
191064
232027
191067
191077
129639
191080
129642
129643
129646
191090
191093
191096
191097
191100
191101
129681
129697
47782
129705
129708
129718
191167
191170
191171
129732
191174
191175
129735
10953
191178
129738
191179
10956
191182
47822
10960
47827
10963
47830
10967
129754
10970
10974
47840
10977
47842
47845
47850
129779
129785
129788
129789
232191
129792
129793
129796
47896
47899
47903
47906
47907
47910
191271
232255
47937
129860
129863
129867
47948
129870
47951
129881
47961
232282
47964
47967
191335
232296
129897
232299
129907
232309
129910
232312
232313
232317
129920
48001
129923
48004
48005
48008
129933
129936
129939
129940
129943
129944
232345
232351
232354
191399
232370
232373
232374
232377
48067
130000
232417
232420
191463
232424
232427
48131
191494
191498
130058
191501
130068
191511
130071
232479
191521
130081
232482
130084
232486
232489
130094
191535
130097
130100
130101
130104
130107
191550
191553
191554
48195
191557
191560
48200
191564
48214
48217
48227
191597
48241
191604
48244
48247
48248
130170
130173
130174
130177
130178
130181
130182
109702
130185
109707
48270
48280
109721
48286
191647
48289
109731
191653
191656
109737
191660
109740
191666
48308
191669
191670
191673
191674
48314
191677
48317
191678
48318
191681
48321
48322
191685
48325
130246
191688
130249
130250
130253
130254
130257
130258
109780
130261
109783
109787
109790
19683
19689
19694
19707
19710
171263
19713
171270
171273
171283
171286
171289
19747
19750
19751
19754
171318
191801
171321
171322
191804
171325
191808
191811
191815
191818
191822
191825
48471
68952
48474
48478
48481
68971
48491
68974
48494
48498
146804
48501
146808
68984
68987
109950
68990
146818
109972
69021
69024
69025
69028
69036
109997
110000
69043
69046
110010
110013
110014
69056
69059
69060
110041
110046
110049
69093
69096
69097
69100
19951
110065
110068
110069
110072
19967
56835
56842
19983
56850
19991
56860
56863
110114
56866
110116
20005
110120
20008
110123
20018
20032
56897
20035
56900
20036
56901
20039
56904
20061
20071
20077
20080
20099
20105
155275
20108
20109
20112
20113
20116
147094
155291
155307
85678
110257
171718
184017
147158
57053
155369
220906
85742
110321
20210
220916
20213
220919
171769
20217
20220
220929
220932
220933
20230
20233
20237
85775
20240
184081
147222
20251
85789
57117
20259
126758
20262
220969
85803
220972
220973
126765
220976
171824
126768
20272
85810
20275
171828
20278
126777
77627
126780
85820
171838
171841
85826
171845
85829
85833
221002
171854
85839
171857
85842
171859
171862
147286
171863
20312
171866
155482
221019
20315
20316
171869
57181
155486
20319
171873
155489
110434
221028
221031
77671
77674
155499
147307
221041
147313
221044
147316
155509
77685
184183
155512
147320
77688
147323
77691
221054
221057
221058
155522
184195
221061
147333
221062
221065
184205
147343
184208
155536
69521
184211
155539
176021
155542
155543
61335
147353
155546
176027
155547
77723
57245
176030
155550
77726
77727
171936
155553
110498
77730
171939
155557
147367
176040
147370
176043
147373
176046
147374
147377
184242
171954
69554
147380
69556
171957
147381
184246
171958
147384
184249
171961
171962
171965
69566
147391
171969
69569
184259
171972
69572
184262
184263
221128
184266
176074
221131
221132
176077
176078
61390
221135
221136
110544
176081
57297
221139
221140
57300
155605
221143
61403
110557
61406
57310
61407
110560
57313
69602
69605
69606
69609
110570
57323
61420
57326
147439
110584
61432
57336
61435
)


// ************************************************************************* //
